TITLE="Ionospheric Potential"
VARIABLES= "x"     \
"y"     \
"z"     \
"Theta"     \
"Psi"     \
"SigmaH"     \
"SigmaP"     \
"JR"     \
"PHI"     \
"Ex"     \
"Ey"     \
"Ez"     \
"Jx"     \
"Jy"     \
"Jz"     \
"Ux"     \
"Uy"     \
"Uz"     
ZONE T="Northern Hemisphere" \
I= 9 \
J= 33 \
F=POINT 
 1.06272e-05 0 1.06272 1e-05 0 2 2 1.47817e-06 0 0.000112712 0.00343125 -1.12712e-09 7087.92 6637.07 -0.0708792 -0.0664098 0.00218149 6.64098e-07
 0.207326 0 1.0423 0.19635 0 2 2 -6.47349e-05 -0.150003 5.96178e-05 0.00343125 -1.18587e-05 6877.45 6747.22 -1368.01 -0.0664879 0.00118923 0.0132253
 0.406684 0 0.981821 0.392699 0 2 2 -0.000144482 -0.161793 -1.12444e-05 0.00277388 4.65759e-06 5188.53 5596.21 -2149.16 -0.0537746 -0.000244904 0.0222742
 0.590413 0 0.883616 0.589049 0 2 2 -7.8127e-05 -0.117608 -4.32477e-05 0.00155158 2.88972e-05 2595.26 3245.89 -1734.09 -0.0300554 -0.00109022 0.0200824
 0.751453 0 0.751453 0.785398 0 2 2 -2.95771e-05 -0.0233489 -5.6263e-05 0.000630845 5.6263e-05 835.899 1466.04 -835.899 -0.0122104 -0.00174277 0.0122104
 0.883616 0 0.590413 0.981748 0 2 2 9.88951e-06 0.0941775 -5.22478e-05 0.000363991 7.81943e-05 323.994 989.045 -484.891 -0.00705539 -0.00210291 0.0105591
 0.981821 0 0.406684 1.1781 0 2 2 -1.71122e-05 0.226966 -3.27018e-05 0.000245968 7.89491e-05 117.299 788.33 -283.184 -0.00478932 -0.00176124 0.0115624
 1.0423 0 0.207326 1.37445 0 2 2 -1.38959e-06 0.32163 -8.09257e-06 0.000202457 4.06841e-05 58.3702 699.232 -293.447 -0.00397905 -0.000557623 0.0200041
 1.06272 0 -2.17967e-10 1.5708 0 2 2 2.38823e-07 0.337377 -3.35609e-16 0.000196717 -1.63629e-06 -6.71219e-09 786.869 -32.7259 -0.00399724 -0.000602552 -9.14327e-05
 1.0423e-05 2.07326e-06 1.06272 1e-05 0.19635 2 2 1.5219e-06 0 0.000117227 0.0034276 -7.83666e-09 7089.65 6620.75 -0.0824507 -0.0663393 0.00226886 6.4622e-07
 0.203342 0.0404472 1.0423 0.19635 0.19635 2 2 0.00116961 -1.04294 -7.9103e-05 0.00338855 -0.000116063 6532.62 6896.78 -1542.09 -0.0656174 -0.00120504 0.0128481
 0.398869 0.07934 0.981821 0.392699 0.19635 2 2 0.00205608 -1.5835 -0.000435265 0.00260341 -3.35505e-05 4027.85 6022.35 -2122.99 -0.0504004 -0.00823025 0.0211405
 0.579069 0.115184 0.883616 0.589049 0.19635 2 2 0.00146593 -1.2763 -0.000566812 0.00131806 0.000199638 1042.42 3864.59 -1186.91 -0.0251739 -0.0126799 0.0181504
 0.737014 0.146601 0.751453 0.785398 0.19635 2 2 -0.000138496 -0.627047 -0.000367702 0.000542937 0.000254715 -89.965 2045.54 -310.829 -0.00995048 -0.0100281 0.0117157
 0.866637 0.172385 0.590413 0.981748 0.19635 2 2 -3.21667e-06 -0.317496 -0.000180999 0.000338634 0.000166807 -92.9091 1254.38 -229.87 -0.00610285 -0.00577812 0.0106451
 0.962956 0.191544 0.406684 1.1781 0.19635 2 2 1.91161e-05 -0.0930661 -0.000101014 0.000245153 0.00012372 -134.306 944.854 -127.005 -0.00442758 -0.00369436 0.0122237
 1.02227 0.203342 0.207326 1.37445 0.19635 2 2 -2.49358e-05 0.0389405 -5.40068e-05 0.000215226 5.52033e-05 -112.361 794.849 -225.551 -0.00409832 -0.00159871 0.0217757
 1.0423 0.207326 -2.17967e-10 1.5708 0.19635 2 2 3.42135e-05 0.0567469 -4.20371e-05 0.000211335 -2.04184e-06 -168.148 845.339 -40.8368 -0.00408913 -0.00164597 -1.02548e-06
 9.81821e-06 4.06684e-06 1.06272 1e-05 0.392699 2 2 1.56441e-06 0 0.000139523 0.00336198 -1.41548e-08 7003 6444.91 -0.0893629 -0.0650691 0.00270039 5.90827e-07
 0.191544 0.07934 1.0423 0.19635 0.392699 2 2 0.00234874 -1.88378 -0.000198268 0.00322206 -0.000208829 5994.91 6771.71 -1617.16 -0.062632 -0.00328771 0.0117602
 0.375727 0.155631 0.981821 0.392699 0.392699 2 2 0.00340538 -2.84913 -0.000771192 0.00214208 -4.44244e-05 2495.81 5722.32 -1862.17 -0.0416145 -0.0147079 0.0182566
 0.545471 0.225941 0.883616 0.589049 0.392699 2 2 0.00167661 -2.19277 -0.000900287 0.000795133 0.000352446 -684.071 3510.46 -475.34 -0.0142079 -0.020259 0.013951
 0.694252 0.287569 0.751453 0.785398 0.392699 2 2 -0.000344043 -1.16059 -0.000563886 0.000338251 0.00039152 -1005.78 2062.34 139.995 -0.00481652 -0.0151254 0.0102381
 0.816354 0.338145 0.590413 0.981748 0.392699 2 2 1.9293e-05 -0.719009 -0.000278833 0.000265275 0.000233608 -536.796 1298.94 -1.72072 -0.00390158 -0.00840427 0.010208
 0.907084 0.375727 0.406684 1.1781 0.392699 2 2 1.00491e-05 -0.412765 -0.000158093 0.000208071 0.000160386 -418.576 957.476 49.017 -0.00317732 -0.00519169 0.0118833
 0.962956 0.398869 0.207326 1.37445 0.392699 2 2 -3.12957e-05 -0.256937 -9.70479e-05 0.000200468 6.50782e-05 -294.657 783.78 -139.321 -0.00367583 -0.00249568 0.0218743
 0.981821 0.406684 -2.17967e-10 1.5708 0.392699 2 2 4.01308e-05 -0.236153 -8.30317e-05 0.000200456 -1.65483e-06 -332.127 801.825 -33.0965 -0.00366313 -0.0025347 -1.61103e-05
 8.83616e-06 5.90413e-06 1.06272 1e-05 0.589049 2 2 1.60408e-06 0 0.000196633 0.00326019 -1.97476e-08 6913.64 6127.11 -0.0915253 -0.0630991 0.00380571 5.03506e-07
 0.172385 0.115184 1.0423 0.19635 0.589049 2 2 0.00336808 -2.6281 -0.000250458 0.00296145 -0.000285846 5411.68 6341.51 -1595.83 -0.0577719 -0.00416741 0.0100154
 0.338145 0.225941 0.981821 0.392699 0.589049 2 2 0.00439543 -3.89992 -0.000947395 0.0015703 -3.50764e-05 1067.55 4914.6 -1498.64 -0.0304539 -0.0181378 0.0146625
 0.490911 0.328016 0.883616 0.589049 0.589049 2 2 0.0013139 -2.87207 -0.00104633 0.000284765 0.000475601 -2032.66 2778.41 97.882 -0.00320686 -0.0237026 0.0105805
 0.624811 0.417485 0.751453 0.785398 0.589049 2 2 -0.00037353 -1.62135 -0.000633432 9.87446e-05 0.00047182 -1702.89 1682.29 481.274 0.00113417 -0.0168206 0.008402
 0.7347 0.490911 0.590413 0.981748 0.589049 2 2 0.0001348 -1.09604 -0.000331495 0.000155434 0.000283267 -936.925 1137.04 220.481 -0.000823083 -0.00970904 0.009097
 0.816354 0.545471 0.406684 1.1781 0.589049 2 2 1.75131e-05 -0.714556 -0.00019089 0.00014218 0.00019248 -686.683 834.871 258.627 -0.00124156 -0.00597909 0.0105118
 0.866637 0.579069 0.207326 1.37445 0.589049 2 2 -6.17877e-05 -0.541508 -0.000126641 0.000163965 7.14074e-05 -447.466 681.007 -31.6344 -0.00280741 -0.00306216 0.0202879
 0.883616 0.590413 -2.17967e-10 1.5708 0.589049 2 2 2.65988e-05 -0.520768 -0.00011275 0.000168742 -2.36044e-06 -451 674.969 -47.2089 -0.00278181 -0.00311816 -4.94068e-05
 7.51453e-06 7.51453e-06 1.06272 1e-05 0.785398 2 2 1.63937e-06 0 0.000272022 0.00316527 -2.43053e-08 6874.58 5786.5 -0.0895273 -0.061262 0.00526483 3.9596e-07
 0.146601 0.146601 1.0423 0.19635 0.785398 2 2 0.00391537 -3.23467 -0.000218055 0.00267519 -0.000345602 4946.87 5708.79 -1498.74 -0.0524107 -0.00351685 0.00786633
 0.287569 0.287569 0.981821 0.392699 0.785398 2 2 0.00494621 -4.71519 -0.000932777 0.00101517 -2.41328e-05 49.9919 3781.15 -1122.12 -0.0197141 -0.0179252 0.0110243
 0.417485 0.417485 0.883616 0.589049 0.785398 2 2 0.00147734 -3.40252 -0.00101734 -0.000192125 0.00057144 -2965.22 1736.85 580.372 0.00724224 -0.0232077 0.00754325
 0.531358 0.531358 0.751453 0.785398 0.785398 2 2 -0.000391608 -1.97746 -0.000585651 -0.000161956 0.000528638 -2172.19 1002.34 827.211 0.00747688 -0.0157081 0.00582038
 0.624811 0.624811 0.590413 0.981748 0.785398 2 2 0.000340431 -1.41262 -0.000313295 1.42149e-05 0.000316505 -1208.19 754.983 479.614 0.0028436 -0.00918256 0.00670827
 0.694252 0.694252 0.406684 1.1781 0.785398 2 2 -7.45864e-05 -0.964268 -0.000189787 6.45158e-05 0.000213851 -870.024 598.999 462.669 0.000905063 -0.00583168 0.00841026
 0.737014 0.737014 0.207326 1.37445 0.785398 2 2 -4.94431e-05 -0.796511 -0.000134032 0.000114551 6.92515e-05 -517.344 503.403 49.5592 -0.0017474 -0.00309378 0.0172097
 0.751453 0.751453 -2.17967e-10 1.5708 0.785398 2 2 5.18811e-06 -0.77633 -0.000123348 0.000123348 -2.64022e-06 -493.393 493.393 -52.8044 -0.00170423 -0.00315729 -7.2297e-05
 5.90413e-06 8.83616e-06 1.06272 1e-05 0.981748 2 2 1.66572e-06 0 0.000346159 0.00310377 -2.773e-08 6899.85 5515.21 -0.0841908 -0.0600716 0.00669971 2.78034e-07
 0.115184 0.172385 1.0423 0.19635 0.981748 2 2 0.00422788 -3.69045 -0.000108839 0.00242281 -0.00038868 4697.11 5005.85 -1346.99 -0.0478173 -0.00148859 0.00553048
 0.225941 0.338145 0.981821 0.392699 0.981748 2 2 0.00593276 -5.30293 -0.000714962 0.0004963 -6.39843e-06 -498.799 2338.3 -690.539 -0.00962041 -0.0137941 0.00696468
 0.328016 0.490911 0.883616 0.589049 0.981748 2 2 0.00177895 -3.73495 -0.000749594 -0.000670459 0.000650752 -3400.72 219.881 1140.26 0.0176974 -0.017661 0.00324229
 0.417485 0.624811 0.751453 0.785398 0.981748 2 2 -0.000264845 -2.18522 -0.000388474 -0.000419824 0.000564895 -2290.52 39.9489 1239.33 0.0135845 -0.0111667 0.00173766
 0.490911 0.7347 0.590413 0.981748 0.981748 2 2 0.000386702 -1.60857 -0.00021458 -0.000114805 0.000321278 -1229.39 239.847 723.741 0.00594551 -0.00664476 0.00332511
 0.545471 0.816354 0.406684 1.1781 0.981748 2 2 -5.80638e-05 -1.15675 -0.000150416 -4.66124e-06 0.000211104 -886.562 295.548 595.849 0.00258815 -0.00459198 0.00574629
 0.579069 0.866637 0.207326 1.37445 0.981748 2 2 -8.45241e-05 -1.00038 -0.000118371 6.39601e-05 6.32577e-05 -501.385 303.487 131.785 -0.000734829 -0.00265359 0.0131446
 0.590413 0.883616 -2.17967e-10 1.5708 0.981748 2 2 5.64824e-06 -0.985076 -0.000111947 7.48006e-05 -3.80933e-06 -447.788 299.202 -76.1866 -0.000664329 -0.00272048 -8.26827e-05
 4.06684e-06 9.81821e-06 1.06272 1e-05 1.1781 2 2 1.68533e-06 0 0.000386475 0.0030774 -2.99104e-08 6927.74 5381.84 -0.0762331 -0.0595613 0.00748001 1.58825e-07
 0.07934 0.191544 1.0423 0.19635 1.1781 2 2 0.00425506 -3.98062 3.17384e-05 0.00222099 -0.000410569 4598.4 4352.47 -1149.89 -0.0441 0.00106449 0.00316129
 0.155631 0.375727 0.981821 0.392699 1.1781 2 2 0.00622292 -5.60156 -0.000320391 5.48422e-05 2.97989e-05 -563.783 716.473 -184.815 -0.000904023 -0.00627542 0.0025448
 0.225941 0.545471 0.883616 0.589049 1.1781 2 2 0.00145557 -3.77336 -0.000310034 -0.00103984 0.000721188 -3274.83 -1421.42 1714.85 0.0259307 -0.00840483 -0.00144205
 0.287569 0.694252 0.751453 0.785398 1.1781 2 2 -0.000639912 -2.1464 -8.796e-05 -0.000569443 0.000559758 -1939.95 -902.358 1576.06 0.0170363 -0.00418982 -0.0026486
 0.338145 0.816354 0.590413 0.981748 1.1781 2 2 0.000331102 -1.66632 -8.47025e-05 -0.000163945 0.000275196 -953.615 -170.96 782.543 0.00671445 -0.00310932 0.000453664
 0.375727 0.907084 0.406684 1.1781 1.1781 2 2 -0.000146553 -1.26545 -9.32503e-05 -4.23133e-05 0.000180529 -734.402 36.3277 597.472 0.00319781 -0.00279771 0.00328575
 0.398869 0.962956 0.207326 1.37445 1.1781 2 2 -6.76882e-05 -1.14621 -8.93957e-05 2.66556e-05 4.81802e-05 -398.248 136.882 130.41 -8.93422e-05 -0.00192763 0.00912508
 0.406684 0.981821 -2.17967e-10 1.5708 1.1781 2 2 -4.86326e-05 -1.13469 -8.79624e-05 3.64352e-05 -4.298e-06 -351.85 145.741 -85.9601 4.38001e-06 -0.00197635 -4.59558e-05
 2.07326e-06 1.0423e-05 1.06272 1e-05 1.37445 2 2 1.69744e-06 0 0.000361631 0.00308186 -3.09319e-08 6886.97 5440.45 -0.066795 -0.0596476 0.00699916 4.772e-08
 0.0404472 0.203342 1.0423 0.19635 1.37445 2 2 0.00401523 -4.11657 0.000162602 0.00208127 -0.000412346 4588.99 3847.08 -928.608 -0.0414187 0.0033757 0.000948722
 0.07934 0.398869 0.981821 0.392699 1.37445 2 2 0.00569081 -5.62581 8.25637e-05 -0.000209828 7.85717e-05 -290.92 -577.362 258.065 0.00450316 0.00150893 -0.000976906
 0.115184 0.579069 0.883616 0.589049 1.37445 2 2 0.000594783 -3.57007 8.50621e-05 -0.00119467 0.000771829 -2816.33 -2588.85 2063.7 0.0297294 0.000333768 -0.00409411
 0.146601 0.737014 0.751453 0.785398 1.37445 2 2 -0.00118178 -1.92803 0.000170895 -0.000555995 0.000511972 -1321.09 -1444.61 1674.59 0.0166053 0.00215523 -0.00535335
 0.172385 0.866637 0.590413 0.981748 1.37445 2 2 0.000345477 -1.64291 1.36016e-05 -0.000130235 0.000187194 -524.321 -324.41 629.272 0.00507567 -0.000245606 -0.00112145
 0.191544 0.962956 0.406684 1.1781 1.37445 2 2 -0.000118245 -1.32878 -4.40206e-05 -4.99228e-05 0.000138942 -518.862 -112.782 511.427 0.00291029 -0.0012418 0.00156964
 0.203342 1.02227 0.207326 1.37445 1.37445 2 2 -7.16429e-05 -1.24261 -5.58328e-05 4.35847e-06 3.32695e-05 -266.191 29.1033 117.576 0.000232289 -0.00115374 0.00546097
 0.207326 1.0423 -2.17967e-10 1.5708 1.37445 2 2 2.23002e-05 -1.2385 -5.80917e-05 1.15552e-05 -4.73173e-06 -232.367 46.2206 -94.6345 0.000342919 -0.00118486 -4.49263e-05
 -2.17967e-15 1.06272e-05 1.06272 1e-05 1.5708 2 2 1.70159e-06 0 0.000246269 0.00308724 -3.08724e-08 6667.03 5681.95 -0.0568195 -0.0597519 0.0047664 -4.7664e-08
 -4.25232e-11 0.207326 1.0423 0.19635 1.5708 2 2 0.00353485 -4.10865 0.000246269 0.00201831 -0.000401467 4624.95 3587.55 -713.608 -0.0402595 0.00477242 -0.000949294
 -8.34122e-11 0.406684 0.981821 0.392699 1.5708 2 2 0.00511022 -5.47738 0.000380614 -0.000278832 0.000115496 150.691 -1294.24 536.092 0.00607276 0.00737885 -0.00305642
 -1.21096e-10 0.590413 0.883616 0.589049 1.5708 2 2 0.00051367 -3.30534 0.000395865 -0.00120286 0.000803726 -2216.39 -3331.12 2225.78 0.0303199 0.00766931 -0.00512447
 -1.54126e-10 0.751453 0.751453 0.785398 1.5708 2 2 -0.00192544 -1.62679 0.0002913 -0.000458204 0.000458204 -816.819 -1566.92 1566.92 0.0141916 0.00563836 -0.00563836
 -1.81233e-10 0.883616 0.590413 0.981748 1.5708 2 2 0.000505655 -1.58056 7.59081e-05 -5.82608e-05 8.71935e-05 -88.1964 -271.889 406.911 0.00234475 0.00147133 -0.00220201
 -2.01375e-10 0.981821 0.406684 1.1781 1.5708 2 2 -0.00010146 -1.34767 -1.01259e-06 -4.15763e-05 0.000100374 -299.568 -177.27 427.968 0.00223891 -1.96603e-05 4.74643e-05
 -2.13778e-10 1.0423 0.207326 1.37445 1.5708 2 2 -7.74792e-05 -1.29139 -2.29323e-05 -4.05486e-06 2.03852e-05 -132.536 -21.5369 108.274 0.000279331 -0.000450678 0.00226571
 -2.17967e-10 1.06272 -2.17967e-10 1.5708 1.5708 2 2 1.71795e-05 -1.29235 -2.59416e-05 -6.38817e-15 -5.20444e-06 -103.767 -4.26318e-08 -104.089 0.000403916 -0.000457143 -3.25017e-05
 -2.07326e-06 1.0423e-05 1.06272 1e-05 1.76715 2 2 1.70209e-06 0 8.78042e-05 0.00307328 -2.9971e-08 6322.17 5970.96 -0.0462283 -0.0594817 0.0016994 -1.3271e-07
 -0.0404472 0.203342 1.0423 0.19635 1.76715 2 2 0.00357585 -3.98869 0.000295956 0.00202683 -0.00038393 4725.49 3534.11 -506.095 -0.040286 0.00551197 -0.00263866
 -0.07934 0.398869 0.981821 0.392699 1.76715 2 2 0.00516431 -5.23812 0.000619747 -0.000232043 0.00014435 703.263 -1675.79 737.628 0.00530468 0.0121516 -0.00450798
 -0.115184 0.579069 0.883616 0.589049 1.76715 2 2 -0.000106749 -2.98469 0.000620237 -0.00110552 0.000805344 -1536.34 -3701.71 2225.61 0.0282899 0.013378 -0.00507943
 -0.146601 0.737014 0.751453 0.785398 1.76715 2 2 -0.0023318 -1.37977 0.000251368 -0.000358944 0.000401087 -614.982 -1397.37 1250.54 0.0115228 0.00578151 -0.00342243
 -0.172385 0.866637 0.590413 0.981748 1.76715 2 2 0.000352706 -1.47491 7.52268e-05 4.64207e-06 1.51504e-05 136.982 -103.324 191.659 0.000117472 0.00149767 -0.00216405
 -0.191544 0.962956 0.406684 1.1781 1.76715 2 2 -9.47466e-05 -1.33127 2.15744e-05 -2.09855e-05 5.98513e-05 -111.895 -148.896 299.858 0.00124349 0.000585823 -0.000801454
 -0.203342 1.02227 0.207326 1.37445 1.76715 2 2 -7.90674e-05 -1.30248 7.32869e-07 -1.62756e-06 8.74385e-06 -24.805 -21.1048 79.7337 0.000115996 3.09745e-05 -3.89604e-05
 -0.207326 1.0423 -2.17967e-10 1.5708 1.76715 2 2 1.38331e-05 -1.30754 -1.41897e-06 -2.82251e-07 -5.37721e-06 -5.67588 -1.129 -107.544 0.000241615 6.68809e-05 5.3839e-05
 -4.06684e-06 9.81821e-06 1.06272 1e-05 1.9635 2 2 1.69444e-06 0 -4.51395e-05 0.00303333 -2.8197e-08 5976.38 6156.93 -0.034012 -0.0587083 -0.000873648 -2.16596e-07
 -0.07934 0.191544 1.0423 0.19635 1.9635 2 2 0.00360981 -3.7526 0.000342343 0.00209786 -0.000359467 4935.84 3605.98 -286.956 -0.0415805 0.00623736 -0.00431137
 -0.155631 0.375727 0.981821 0.392699 1.9635 2 2 0.00545952 -4.90436 0.000884611 -1.97577e-05 0.000147783 1642.73 -1768.33 937.103 0.00117065 0.0174717 -0.00650056
 -0.225941 0.545471 0.883616 0.589049 1.9635 2 2 4.16925e-05 -2.72472 0.000774975 -0.000899537 0.000753461 -722.963 -3680.75 2087.33 0.0234746 0.0175101 -0.00480678
 -0.287569 0.694252 0.751453 0.785398 1.9635 2 2 -0.00181014 -1.29458 0.000216605 -0.000286808 0.000347867 -442.46 -1252.51 987.843 0.00928703 0.00574252 -0.0017514
 -0.338145 0.816354 0.590413 0.981748 1.9635 2 2 0.000413748 -1.41527 5.39828e-05 2.48735e-05 -3.47486e-06 151.94 -14.1241 106.549 -0.000526263 0.00102872 -0.0017238
 -0.375727 0.907084 0.406684 1.1781 1.9635 2 2 -6.46601e-05 -1.3057 3.47403e-05 -5.05237e-06 4.33649e-05 -14.2689 -123.489 262.253 0.000668404 0.000912304 -0.00141732
 -0.398869 0.962956 0.207326 1.37445 1.9635 2 2 -6.71353e-05 -1.29034 1.70475e-05 6.30724e-06 3.50242e-06 42.5056 -1.87427 90.481 -9.2388e-05 0.000346364 -0.00178649
 -0.406684 0.981821 -2.17967e-10 1.5708 1.9635 2 2 1.7172e-05 -1.2962 1.57311e-05 6.51603e-06 -4.11948e-06 62.9243 26.0641 -82.3896 -5.09802e-06 0.000402518 9.28769e-05
 -5.90413e-06 8.83616e-06 1.06272 1e-05 2.15984 2 2 1.67895e-06 0 -0.000123486 0.00299692 -2.56045e-08 5746.86 6240.8 -0.0199625 -0.0580036 -0.00239 -3.02379e-07
 -0.115184 0.172385 1.0423 0.19635 2.15984 2 2 0.00382641 -3.40757 0.000395534 0.00222015 -0.000323479 5255.06 3757.54 -40.7217 -0.0437402 0.00714196 -0.00601493
 -0.225941 0.338145 0.981821 0.392699 2.15984 2 2 0.00501679 -4.41336 0.00111424 0.000338491 0.000139836 2796.32 -1493.33 1157.81 -0.00587137 0.0219769 -0.00892013
 -0.328016 0.490911 0.883616 0.589049 2.15984 2 2 -0.000170872 -2.43496 0.000880966 -0.000614969 0.000668691 169.095 -3348.43 1923.06 0.0167518 0.0202915 -0.00505476
 -0.417485 0.624811 0.751453 0.785398 2.15984 2 2 -0.00153155 -1.20971 0.000248492 -0.000182702 0.000289966 -81.7705 -1100.23 869.375 0.00633763 0.00668231 -0.00203514
 -0.490911 0.7347 0.590413 0.981748 2.15984 2 2 0.000411027 -1.34347 5.83689e-05 5.08988e-05 -1.48056e-05 209.369 53.6439 107.331 -0.00115862 0.00101715 -0.00222909
 -0.545471 0.816354 0.406684 1.1781 2.15984 2 2 -6.89376e-05 -1.2571 4.76302e-05 1.65387e-05 3.06859e-05 74.5621 -77.1953 254.965 4.23388e-05 0.00116823 -0.00228824
 -0.579069 0.866637 0.207326 1.37445 2.15984 2 2 -6.38551e-05 -1.25506 2.8033e-05 1.91825e-05 -1.88712e-06 93.9933 40.4301 93.5263 -0.000390829 0.000536312 -0.00333343
 -0.590413 0.883616 -2.17967e-10 1.5708 2.15984 2 2 1.42844e-05 -1.26222 2.69825e-05 1.80291e-05 -3.51915e-06 107.93 72.1166 -70.3829 -0.000318271 0.00058721 1.01013e-05
 -7.51453e-06 7.51453e-06 1.06272 1e-05 2.35619 2 2 1.65621e-06 0 -0.000151659 0.00297392 -2.21012e-08 5644.51 6251.15 -0.00428958 -0.0575584 -0.00293528 -3.86244e-07
 -0.146601 0.146601 1.0423 0.19635 2.35619 2 2 0.00352366 -2.94133 0.000429061 0.0023932 -0.00027626 5632.88 4038.22 224.293 -0.0468205 0.00773663 -0.00767358
 -0.287569 0.287569 0.981821 0.392699 2.35619 2 2 0.0036842 -3.76913 0.00113709 0.000747054 0.000114238 3638 -712.194 1274.14 -0.0139697 0.0224366 -0.0106632
 -0.417485 0.417485 0.883616 0.589049 2.35619 2 2 8.44288e-05 -2.14676 0.000885206 -0.000295388 0.0005578 925.053 -2693.41 1709.63 0.00915472 0.0205671 -0.00539205
 -0.531358 0.531358 0.751453 0.785398 2.35619 2 2 -0.0012963 -1.09675 0.000273802 -6.48831e-05 0.000239487 265.735 -882.6 811.995 0.00322181 0.00728046 -0.0028699
 -0.624811 0.624811 0.590413 0.981748 2.35619 2 2 0.000444423 -1.24528 6.92399e-05 9.55023e-05 -2.77924e-05 298.845 159.931 147.007 -0.00212215 0.00106623 -0.00337413
 -0.694252 0.694252 0.406684 1.1781 2.35619 2 2 -9.45463e-05 -1.18572 5.01032e-05 4.12352e-05 1.51387e-05 138.091 4.40923 228.209 -0.000646275 0.00112318 -0.00302065
 -0.737014 0.737014 0.207326 1.37445 2.35619 2 2 -3.14124e-05 -1.20167 3.37376e-05 3.62358e-05 -8.88078e-06 129.723 106.869 81.2419 -0.000767643 0.000594986 -0.00484396
 -0.751453 0.751453 -2.17967e-10 1.5708 2.35619 2 2 -2.97821e-06 -1.20982 3.35955e-05 3.35955e-05 -3.91334e-06 134.382 134.382 -78.2668 -0.000694117 0.000669062 1.95522e-06
 -8.83616e-06 5.90413e-06 1.06272 1e-05 2.55254 2 2 1.62337e-06 0 -0.000161956 0.00296475 -1.78179e-08 5605.59 6253.42 0.0118667 -0.0573811 -0.00313457 -4.59692e-07
 -0.172385 0.115184 1.0423 0.19635 2.55254 2 2 0.00296927 -2.37129 0.000383156 0.00260052 -0.000224013 5922.22 4534.49 478.369 -0.0506895 0.00688367 -0.00914423
 -0.338145 0.225941 0.981821 0.392699 2.55254 2 2 0.00314666 -3.0563 0.000984993 0.00112861 7.95169e-05 4075.48 357.397 1321.37 -0.021553 0.0194129 -0.0118904
 -0.490911 0.328016 0.883616 0.589049 2.55254 2 2 0.000223009 -1.81823 0.000812642 2.15752e-05 0.000443471 1492.65 -1857.77 1518.91 0.00173079 0.0189451 -0.00607124
 -0.624811 0.417485 0.751453 0.785398 2.55254 2 2 -0.00138029 -0.931667 0.000241479 1.11055e-05 0.000194613 408.231 -641.552 695.859 0.00104109 0.00655421 -0.00277569
 -0.7347 0.490911 0.590413 0.981748 2.55254 2 2 0.000177162 -1.08566 4.74891e-05 0.000133669 -5.20469e-05 308.023 320.611 116.719 -0.00299385 0.000318759 -0.00399053
 -0.816354 0.545471 0.406684 1.1781 2.55254 2 2 -1.09674e-05 -1.09828 3.99624e-05 7.02201e-05 -1.39653e-05 173.447 152.349 143.828 -0.00147495 0.000609697 -0.0037785
 -0.866637 0.579069 0.207326 1.37445 2.55254 2 2 -3.02577e-05 -1.1259 3.45093e-05 5.65919e-05 -1.3812e-05 143.15 181.488 91.4737 -0.00117885 0.000562476 -0.0064987
 -0.883616 0.590413 -2.17967e-10 1.5708 2.55254 2 2 4.5071e-06 -1.13576 3.51953e-05 5.26735e-05 -3.48019e-06 140.781 210.694 -69.6038 -0.00113202 0.000644885 3.44172e-05
 -9.81821e-06 4.06684e-06 1.06272 1e-05 2.74889 2 2 1.58542e-06 0 -0.000160623 0.00296588 -1.28339e-08 5610.51 6253 0.0279051 -0.0574028 -0.00310876 -5.18436e-07
 -0.191544 0.07934 1.0423 0.19635 2.74889 2 2 0.00208143 -1.70799 0.000257099 0.00279285 -0.000165346 6027.31 5149.78 715.641 -0.0542736 0.00454278 -0.0103197
 -0.375727 0.155631 0.981821 0.392699 2.74889 2 2 0.00260391 -2.25588 0.000726663 0.00152267 3.67189e-05 4315.16 1664.3 1387.53 -0.0294309 0.0142781 -0.013526
 -0.545471 0.225941 0.883616 0.589049 2.74889 2 2 0.000422272 -1.4526 0.000621233 0.000333294 0.000298274 1774.68 -752.671 1288 -0.0054529 0.0144224 -0.00705399
 -0.694252 0.287569 0.751453 0.785398 2.74889 2 2 -0.000863452 -0.82687 0.000169901 5.49688e-05 0.000135933 401.649 -363.491 510.178 -0.000461614 0.00474947 -0.00224402
 -0.816354 0.338145 0.590413 0.981748 2.74889 2 2 7.74549e-05 -0.940924 1.87997e-05 0.000133025 -5.01926e-05 225.906 357.546 107.58 -0.00284781 -0.000281691 -0.00377629
 -0.907084 0.375727 0.406684 1.1781 2.74889 2 2 -3.11801e-05 -0.987547 2.34473e-05 8.96144e-05 -3.04951e-05 152.453 258.531 101.187 -0.00191026 5.66445e-05 -0.00431306
 -0.962956 0.398869 0.207326 1.37445 2.74889 2 2 -4.38608e-05 -1.02878 2.62391e-05 7.36234e-05 -1.97709e-05 122.515 256.011 76.5057 -0.00151311 0.000337488 -0.00767718
 -0.981821 0.406684 -2.17967e-10 1.5708 2.74889 2 2 2.22902e-05 -1.0412 2.89127e-05 6.98015e-05 -3.22984e-06 115.651 279.206 -64.5969 -0.0014996 0.000414402 8.52204e-05
 -1.0423e-05 2.07326e-06 1.06272 1e-05 2.94524 2 2 1.54381e-06 0 -0.000161525 0.00296383 -7.36635e-09 5604.6 6250.7 0.0427746 -0.0573632 -0.00312623 -5.56511e-07
 -0.203342 0.0404472 1.0423 0.19635 2.94524 2 2 0.00109807 -0.98035 7.66286e-05 0.00291645 -9.82261e-05 5896.63 5727.03 928.133 -0.0564767 0.00120757 -0.0110649
 -0.398869 0.07934 0.981821 0.392699 2.94524 2 2 0.00163178 -1.34014 0.000359478 0.00186233 -4.45369e-06 4221.14 3068.68 1466.88 -0.0360323 0.00692899 -0.0151982
 -0.579069 0.115184 0.883616 0.589049 2.94524 2 2 0.000562846 -1.01133 0.000323264 0.000622111 0.000130752 1736.71 542.12 1067.47 -0.0118191 0.00737571 -0.00870697
 -0.737014 0.146601 0.751453 0.785398 2.94524 2 2 -0.000415207 -0.713714 8.11318e-05 0.000117044 5.67386e-05 351.412 24.485 339.883 -0.00214075 0.00221854 -0.00253243
 -0.866637 0.172385 0.590413 0.981748 2.94524 2 2 -5.93626e-05 -0.797751 -9.36564e-06 0.000122929 -4.96394e-05 133.277 372.451 86.8849 -0.00251481 -0.000859584 -0.00344039
 -0.962956 0.191544 0.406684 1.1781 2.94524 2 2 -3.8847e-05 -0.872619 -5.77618e-08 9.13618e-05 -4.31672e-05 81.1434 320.152 41.3449 -0.00189741 -0.000602887 -0.00420879
 -1.02227 0.203342 0.207326 1.37445 2.94524 2 2 -4.16152e-05 -0.922116 1.14219e-05 8.07322e-05 -2.28627e-05 70.7817 295.01 59.6645 -0.00162014 7.29665e-06 -0.00799567
 -1.0423 0.207326 -2.17967e-10 1.5708 2.94524 2 2 3.23535e-05 -0.934665 1.58435e-05 7.96506e-05 -1.78402e-06 63.374 318.603 -35.6804 -0.00163973 5.4522e-05 0.000142887
 -1.06272e-05 -4.35933e-15 1.06272 1e-05 3.14159 2 2 1.50015e-06 0 -0.000161476 0.00294817 -1.61476e-09 5573.39 6219.29 0.0557339 -0.0570602 -0.00312528 -5.70602e-07
 -0.207326 -8.50464e-11 1.0423 0.19635 3.14159 2 2 8.29775e-06 -0.2149 -0.000119369 0.00294817 -2.37439e-05 5564.97 6146.54 1106.94 -0.0571294 -0.00238104 -0.0113637
 -0.406684 -1.66824e-10 0.981821 0.392699 3.14159 2 2 -2.60342e-05 -0.323948 -8.40564e-05 0.00199751 -3.48173e-05 3578.58 4197.12 1482.3 -0.0387248 -0.00183056 -0.0160403
 -0.590413 -2.42192e-10 0.883616 0.589049 3.14159 2 2 7.53345e-05 -0.457067 -8.03062e-05 0.000764682 -5.36589e-05 1149.34 1747.66 767.965 -0.0148115 -0.00202411 -0.00989675
 -0.751453 -3.08251e-10 0.751453 0.785398 3.14159 2 2 1.0099e-05 -0.581024 -5.87297e-05 0.00014364 -5.87297e-05 78.3328 475.478 78.3328 -0.00277989 -0.0018189 -0.00277989
 -0.883616 -3.62465e-10 0.590413 0.981748 3.14159 2 2 -1.40372e-05 -0.678138 -3.88654e-05 0.000112874 -5.81662e-05 33.5122 403.199 50.1546 -0.00218762 -0.00156408 -0.003274
 -0.981821 -4.0275e-10 0.406684 1.1781 3.14159 2 2 2.07232e-05 -0.767225 -1.98579e-05 9.16809e-05 -4.79413e-05 10.828 348.673 26.1411 -0.00178494 -0.00106932 -0.00430922
 -1.0423 -4.27557e-10 0.207326 1.37445 3.14159 2 2 6.43301e-07 -0.816257 -4.23779e-06 8.57242e-05 -2.13048e-05 17.4385 309.855 87.6695 -0.00168458 -0.000291942 -0.00846895
 -1.06272 -4.35933e-10 -2.17967e-10 1.5708 3.14159 2 2 -3.80506e-06 -0.825043 -3.53846e-14 8.64497e-05 -3.78766e-07 -1.40295e-07 345.799 -7.57531 -0.00171211 -0.000281954 0.000138413
 -1.0423e-05 -2.07326e-06 1.06272 1e-05 3.33794 2 2 1.45586e-06 0 -0.000155971 0.00290459 4.13684e-09 5497.24 6121.12 0.0658579 -0.0562167 -0.00301872 -5.57255e-07
 -0.203342 -0.0404472 1.0423 0.19635 3.33794 2 2 -0.00109223 0.550551 -0.000310711 0.00287381 5.09041e-05 5045.22 6346.42 1230.55 -0.0556254 -0.00586856 -0.0110797
 -0.398869 -0.07934 0.981821 0.392699 3.33794 2 2 -0.00172001 0.694505 -0.000517094 0.00183261 -6.19807e-05 2385.26 4697.76 1348.65 -0.0353825 -0.0103533 -0.015211
 -0.579069 -0.115184 0.883616 0.589049 3.33794 2 2 -0.0006208 0.119453 -0.000486138 0.000621992 -0.000237506 -19.7682 2358.28 294.459 -0.0116351 -0.0114416 -0.00911639
 -0.737014 -0.146601 0.751453 0.785398 3.33794 2 2 0.000566675 -0.443367 -0.00020602 0.000126912 -0.000177302 -347.537 832.564 -178.434 -0.00205924 -0.00601154 -0.00319246
 -0.866637 -0.172385 0.590413 0.981748 3.33794 2 2 5.67822e-05 -0.547948 -6.94771e-05 0.000131238 -6.36638e-05 -33.6746 483.472 91.7317 -0.00236756 -0.00221272 -0.00412128
 -0.962956 -0.191544 0.406684 1.1781 3.33794 2 2 7.9648e-05 -0.647168 -4.37131e-05 0.000108936 -5.21972e-05 -53.3665 412.192 67.7757 -0.00197496 -0.00157981 -0.00542043
 -1.02227 -0.203342 0.207326 1.37445 3.33794 2 2 3.3196e-05 -0.698328 -2.3659e-05 9.73789e-05 -2.11486e-05 -41.6287 347.839 135.895 -0.00186136 -0.000671251 -0.00983624
 -1.0423 -0.207326 -2.17967e-10 1.5708 3.33794 2 2 -3.04933e-05 -0.704562 -1.91665e-05 9.63565e-05 9.63894e-07 -76.666 385.426 19.2779 -0.00186696 -0.000701026 5.67927e-05
 -9.81821e-06 -4.06684e-06 1.06272 1e-05 3.53429 2 2 1.4129e-06 0 -0.000138983 0.00284919 9.61935e-09 5420.42 5976.35 0.0729486 -0.0551445 -0.00268993 -5.19763e-07
 -0.191544 -0.07934 1.0423 0.19635 3.53429 2 2 -0.00208651 1.28019 -0.000479732 0.00270805 0.000117977 4398.9 6327.08 1290.01 -0.0525793 -0.00897974 -0.0103461
 -0.375727 -0.155631 0.981821 0.392699 3.53429 2 2 -0.0026313 1.60961 -0.000867658 0.00146442 -9.99097e-05 963.798 4637.13 1103.87 -0.0281623 -0.0173472 -0.013527
 -0.545471 -0.225941 0.883616 0.589049 3.53429 2 2 -0.000471247 0.585283 -0.000764833 0.000311249 -0.000392558 -1276.78 2336.02 -190.853 -0.00471176 -0.0179603 -0.00750111
 -0.694252 -0.287569 0.751453 0.785398 3.53429 2 2 0.000827849 -0.271105 -0.00030163 6.97073e-05 -0.000251994 -750.055 929.599 -337.219 -0.000231876 -0.00854624 -0.00348473
 -0.816354 -0.338145 0.590413 0.981748 3.53429 2 2 -2.65004e-05 -0.363275 -0.000110993 0.000152105 -6.63542e-05 -118.557 572.387 163.894 -0.00259692 -0.00300243 -0.00531029
 -0.907084 -0.375727 0.406684 1.1781 3.53429 2 2 3.78147e-06 -0.483518 -7.82344e-05 0.000116889 -6.6506e-05 -170.098 479.312 63.4328 -0.0019132 -0.00239993 -0.00648453
 -0.962956 -0.398869 0.207326 1.37445 3.53429 2 2 4.07456e-05 -0.554879 -5.01637e-05 0.000105778 -2.94891e-05 -141.023 400.607 115.714 -0.00195748 -0.00125253 -0.0115015
 -0.981821 -0.406684 -2.17967e-10 1.5708 3.53429 2 2 -2.00497e-05 -0.563546 -4.33308e-05 0.00010461 7.51759e-07 -173.323 418.439 15.0352 -0.00196066 -0.00127253 5.32433e-05
 -8.83616e-06 -5.90413e-06 1.06272 1e-05 3.73064 2 2 1.37292e-06 0 -0.000110516 0.00279605 1.46151e-08 5371.07 5813.14 0.0769549 -0.054116 -0.00213898 -4.61842e-07
 -0.172385 -0.115184 1.0423 0.19635 3.73064 2 2 -0.00296464 1.94505 -0.000587094 0.00247761 0.000176701 3753.95 6066.54 1291.28 -0.0482355 -0.0109433 -0.00918699
 -0.338145 -0.225941 0.981821 0.392699 3.73064 2 2 -0.00302962 2.41081 -0.00111448 0.00106344 -0.00013911 -319.599 4307.24 881.131 -0.0201035 -0.0221999 -0.0120325
 -0.490911 -0.328016 0.883616 0.589049 3.73064 2 2 -0.000233059 0.977497 -0.000937005 -1.21968e-05 -0.0005251 -2369.24 2028.78 -563.158 0.00277986 -0.0219442 -0.00660172
 -0.624811 -0.417485 0.751453 0.785398 3.73064 2 2 0.00125647 -0.104908 -0.00035447 -5.26476e-06 -0.000297656 -1086.03 853.251 -428.959 0.00202306 -0.00973674 -0.00372733
 -0.7347 -0.490911 0.590413 0.981748 3.73064 2 2 -0.000253035 -0.142944 -0.000144839 0.000140471 -6.34377e-05 -219.652 569.951 200.565 -0.00223269 -0.00354354 -0.00572466
 -0.816354 -0.545471 0.406684 1.1781 3.73064 2 2 5.53251e-07 -0.307985 -0.000108356 9.7431e-05 -8.68279e-05 -325.05 474.96 -15.4401 -0.00120699 -0.00312834 -0.00661878
 -0.866637 -0.579069 0.207326 1.37445 3.73064 2 2 3.95605e-05 -0.393095 -7.59657e-05 0.000101132 -3.50779e-05 -244.658 400.547 96.0525 -0.00178028 -0.00177339 -0.0123948
 -0.883616 -0.590413 -2.17967e-10 1.5708 3.73064 2 2 -3.0914e-06 -0.403181 -6.86161e-05 0.000102691 2.02384e-06 -274.464 410.765 40.4768 -0.00177337 -0.00182716 0.00012134
 -7.51453e-06 -7.51453e-06 1.06272 1e-05 3.92699 2 2 1.33744e-06 0 -8.48025e-05 0.0027619 1.893e-08 5354.2 5693.41 0.0781185 -0.0534551 -0.0016413 -3.8959e-07
 -0.146601 -0.146601 1.0423 0.19635 3.92699 2 2 -0.00349914 2.51929 -0.000604963 0.00224174 0.000230217 3280.25 5628.44 1253.03 -0.0437998 -0.0112299 -0.00774005
 -0.287569 -0.287569 0.981821 0.392699 3.92699 2 2 -0.00366379 3.14095 -0.00125786 0.00067902 -0.000169539 -1363.73 3800.78 713.794 -0.01243 -0.0249954 -0.0109617
 -0.417485 -0.417485 0.883616 0.589049 3.92699 2 2 -0.000135139 1.34009 -0.00100307 -0.00034419 -0.000636545 -3265.54 1445.79 -859.784 0.0105845 -0.0233332 -0.00602344
 -0.531358 -0.531358 0.751453 0.785398 3.92699 2 2 0.00124338 0.091305 -0.000358916 -0.000117018 -0.000336536 -1375.8 588.126 -556.966 0.00502943 -0.00972877 -0.00332293
 -0.624811 -0.624811 0.590413 0.981748 3.92699 2 2 -0.000447065 0.0732967 -0.000157105 8.99287e-05 -7.10902e-05 -340.055 466.236 133.533 -0.00104001 -0.00374105 -0.00505961
 -0.694252 -0.694252 0.406684 1.1781 3.92699 2 2 5.99746e-05 -0.136269 -0.000129233 6.85434e-05 -0.000103604 -466.512 413.301 -90.8379 -0.00028395 -0.0035475 -0.00654069
 -0.737014 -0.737014 0.207326 1.37445 3.92699 2 2 4.35892e-05 -0.225186 -9.68784e-05 8.66639e-05 -3.63112e-05 -327.857 354.96 96.3456 -0.00143407 -0.00214016 -0.0127059
 -0.751453 -0.751453 -2.17967e-10 1.5708 3.92699 2 2 3.47219e-06 -0.234812 -9.06359e-05 9.06359e-05 3.17464e-06 -362.543 362.543 63.4927 -0.00139954 -0.00220637 0.000112613
 -5.90413e-06 -8.83616e-06 1.06272 1e-05 4.12334 2 2 1.31126e-06 0 -7.05835e-05 0.00274951 2.24692e-08 5357.85 5640.18 0.076663 -0.0532151 -0.0013661 -3.07006e-07
 -0.115184 -0.172385 1.0423 0.19635 4.12334 2 2 -0.00379085 2.99031 -0.000539782 0.0020473 0.000278951 3054.3 5119.37 1184.22 -0.040289 -0.0100046 -0.00610698
 -0.225941 -0.338145 0.981821 0.392699 4.12334 2 2 -0.00499499 3.80585 -0.00121872 0.000261672 -0.000190337 -2096.81 2871.64 506.482 -0.00414551 -0.0241571 -0.00927384
 -0.328016 -0.490911 0.883616 0.589049 4.12334 2 2 0.000159185 1.66645 -0.00100734 -0.000675241 -0.000749088 -4039.36 698.808 -1111.25 0.0185013 -0.0231271 -0.00598063
 -0.417485 -0.624811 0.751453 0.785398 4.12334 2 2 0.00193508 0.21702 -0.000364518 -0.000211033 -0.000377983 -1639.1 331.223 -635.235 0.00773627 -0.00949661 -0.0035981
 -0.490911 -0.7347 0.590413 0.981748 4.12334 2 2 -0.000369297 0.243643 -0.000160731 6.19336e-05 -5.65738e-05 -367.452 376.822 163.385 -0.000546568 -0.0035537 -0.00487661
 -0.545471 -0.816354 0.406684 1.1781 4.12334 2 2 6.97844e-05 0.0359165 -0.000144036 4.47253e-05 -0.000103412 -543.671 324.423 -77.9784 0.000356173 -0.00361668 -0.00678221
 -0.579069 -0.866637 0.207326 1.37445 4.12334 2 2 6.56816e-05 -0.0542867 -0.000115281 6.83961e-05 -3.60835e-05 -397.863 292.545 111.615 -0.00104361 -0.00244492 -0.0131348
 -0.590413 -0.883616 -2.17967e-10 1.5708 4.12334 2 2 -1.41332e-05 -0.0620085 -0.000109956 7.34702e-05 4.28012e-06 -439.824 293.881 85.6023 -0.000964425 -0.00252076 9.58348e-05
 -4.06684e-06 -9.81821e-06 1.06272 1e-05 4.31969 2 2 1.29197e-06 0 -0.000103409 0.00276171 2.51191e-08 5316.6 5730.24 0.0732862 -0.0534513 -0.00200142 -2.2304e-07
 -0.07934 -0.191544 1.0423 0.19635 4.31969 2 2 -0.00351682 3.34298 -0.000455338 0.00191208 0.000316724 2978.13 4700.41 1090.5 -0.0378693 -0.0084726 -0.00443965
 -0.155631 -0.375727 0.981821 0.392699 4.31969 2 2 -0.00543119 4.32119 -0.00096775 -9.47196e-05 -0.000189648 -2270.07 1655.65 273.753 0.00284647 -0.0191755 -0.00688694
 -0.225941 -0.545471 0.883616 0.589049 4.31969 2 2 -7.67417e-05 2.02391 -0.000896386 -0.000940653 -0.000809887 -4392.41 -186.493 -1238.27 0.0247247 -0.0200475 -0.00605351
 -0.287569 -0.694252 0.751453 0.785398 4.31969 2 2 0.00184664 0.441078 -0.000384204 -0.000294808 -0.000419396 -1902.25 85.0337 -649.398 0.0102089 -0.00930816 -0.00469283
 -0.338145 -0.816354 0.590413 0.981748 4.31969 2 2 -0.000411064 0.445215 -0.000190074 2.86349e-05 -6.92673e-05 -503.568 325.96 162.293 0.000336678 -0.0040564 -0.0054159
 -0.375727 -0.907084 0.406684 1.1781 4.31969 2 2 7.80786e-05 0.21934 -0.000158299 1.56195e-05 -0.000111411 -636.653 222 -93.033 0.00115944 -0.0036879 -0.00715448
 -0.398869 -0.962956 0.207326 1.37445 4.31969 2 2 7.44592e-05 0.12424 -0.000131312 4.62863e-05 -3.76444e-05 -465.221 217.343 114.452 -0.000570204 -0.00270781 -0.0136739
 -0.406684 -0.981821 -2.17967e-10 1.5708 4.31969 2 2 -1.77926e-05 0.117179 -0.00012571 5.20708e-05 5.0955e-06 -502.84 208.283 101.91 -0.00045685 -0.00275727 1.16287e-05
 -2.07326e-06 -1.0423e-05 1.06272 1e-05 4.51604 2 2 1.2803e-06 0 -0.000190742 0.00278733 2.69656e-08 5193.18 5956.14 0.0685484 -0.0539472 -0.0036917 -1.41453e-07
 -0.0404472 -0.203342 1.0423 0.19635 4.51604 2 2 -0.0034793 3.58871 -0.00038041 0.00183381 0.000342996 2986.84 4420.9 978.382 -0.0364371 -0.00716855 -0.00281249
 -0.07934 -0.398869 0.981821 0.392699 4.51604 2 2 -0.00493369 4.67963 -0.000702234 -0.000295594 -0.000176833 -2106.53 723.959 123.885 0.00671765 -0.0137839 -0.00505691
 -0.115184 -0.579069 0.883616 0.589049 4.51604 2 2 0.000112723 2.35878 -0.000730136 -0.00113097 -0.000836347 -4430.9 -1048.68 -1264.83 0.0290478 -0.0155582 -0.00640936
 -0.146601 -0.737014 0.751453 0.785398 4.51604 2 2 0.00223585 0.672752 -0.000400668 -0.00038138 -0.000452219 -2127.79 -200.298 -611.562 0.0125396 -0.00879193 -0.00617664
 -0.172385 -0.866637 0.590413 0.981748 4.51604 2 2 -0.000357527 0.65653 -0.000218432 -1.24152e-05 -8.19999e-05 -643.597 246.79 174.337 0.00136103 -0.00445208 -0.00613759
 -0.191544 -0.962956 0.406684 1.1781 4.51604 2 2 8.36209e-05 0.410255 -0.000164113 -1.83509e-05 -0.000120747 -708.429 90.2138 -120.052 0.00204124 -0.00352844 -0.00739333
 -0.203342 -1.02227 0.207326 1.37445 4.51604 2 2 7.33592e-05 0.308657 -0.000140795 1.97786e-05 -4.05669e-05 -516.966 122.652 97.7315 -3.05316e-06 -0.00282703 -0.0139424
 -0.207326 -1.0423 -2.17967e-10 1.5708 4.51604 2 2 -1.41887e-05 0.300162 -0.00013569 2.69903e-05 4.51886e-06 -542.758 107.961 90.3772 0.000110041 -0.0028422 -3.61461e-05
 6.539e-15 -1.06272e-05 1.06272 1e-05 4.71239 2 2 1.27669e-06 0 -0.00030028 0.00279708 2.79708e-08 4993.6 6194.72 0.0619472 -0.0541359 -0.00581176 -5.81176e-08
 1.2757e-10 -0.207326 1.0423 0.19635 4.71239 2 2 -0.00344534 3.72249 -0.00030028 0.00182914 0.000363838 3143.49 4282.15 851.773 -0.0364861 -0.005819 -0.00115747
 2.50237e-10 -0.406684 0.981821 0.392699 4.71239 2 2 -0.00505701 4.96399 -0.000465393 -0.000335269 -0.000138873 -1672.78 178.119 73.7792 0.0073019 -0.00902242 -0.00373721
 3.63287e-10 -0.590413 0.883616 0.589049 4.71239 2 2 -0.000535911 2.75658 -0.000491018 -0.00122559 -0.000818911 -4066.74 -1843.29 -1231.65 0.0308928 -0.00951254 -0.00635607
 4.62377e-10 -0.751453 0.751453 0.785398 4.71239 2 2 0.0018628 1.04065 -0.000408613 -0.000489505 -0.000489505 -2347.35 -563.598 -563.598 0.0151611 -0.00790897 -0.00790897
 5.43698e-10 -0.883616 0.590413 0.981748 4.71239 2 2 -0.000484573 0.913982 -0.000215392 -9.06508e-05 -0.000135669 -839.599 15.243 22.8128 0.00364839 -0.00417489 -0.00624817
 6.04125e-10 -0.981821 0.406684 1.1781 4.71239 2 2 0.000101667 0.60635 -0.000151298 -6.02669e-05 -0.000145497 -772.009 -100.067 -241.584 0.00324561 -0.00294588 -0.007112
 6.41335e-10 -1.0423 0.207326 1.37445 4.71239 2 2 7.32567e-05 0.494805 -0.000137648 -8.86369e-06 -4.45608e-05 -532.532 9.53273 47.9243 0.000610826 -0.00270518 -0.0135999
 6.539e-10 -1.06272 -2.17967e-10 1.5708 4.71239 2 2 -1.9617e-05 0.485419 -0.00013451 -8.36641e-14 4.38268e-06 -538.039 -3.49039e-07 87.6536 0.000720676 -0.0027018 -1.70116e-05
 2.07326e-06 -1.0423e-05 1.06272 1e-05 4.90874 2 2 1.27585e-06 0 -0.000361079 0.00279703 2.81372e-08 4871.89 6316.21 0.0524438 -0.0541348 -0.00698847 3.707e-08
 0.0404472 -0.203342 1.0423 0.19635 4.90874 2 2 -0.00397885 3.74464 -0.000182631 0.00189991 0.000377741 3515.13 4221.54 687.174 -0.0378131 -0.00374387 0.000736979
 0.07934 -0.398869 0.981821 0.392699 4.90874 2 2 -0.00572543 5.15367 -0.000140545 -0.000261449 -9.48577e-05 -842.885 -290.811 -50.0305 0.00559381 -0.0026123 -0.00151329
 0.115184 -0.579069 0.883616 0.589049 4.90874 2 2 -0.000554697 3.08487 -0.00016647 -0.00121535 -0.00077477 -3284.4 -2544.86 -1239.61 0.0301549 -0.00190459 -0.005179
 0.146601 -0.737014 0.751453 0.785398 4.90874 2 2 0.00119665 1.44181 -0.000270051 -0.000582351 -0.000518477 -2196.54 -1131.01 -680.756 0.0171904 -0.00406295 -0.00733856
 0.172385 -0.866637 0.590413 0.981748 4.90874 2 2 -0.000344669 1.13322 -0.000150123 -0.000170213 -0.000206015 -914.493 -354.782 -253.758 0.00610557 -0.00234635 -0.00522675
 0.191544 -0.962956 0.406684 1.1781 4.90874 2 2 0.00012573 0.78231 -0.00011355 -9.07837e-05 -0.000161479 -724.873 -298.888 -366.306 0.00402133 -0.00176181 -0.00606565
 0.203342 -1.02227 0.207326 1.37445 4.90874 2 2 6.55483e-05 0.667996 -0.000116262 -3.24019e-05 -4.57371e-05 -478.395 -98.9877 -18.8796 0.00108021 -0.00218334 -0.0118249
 0.207326 -1.0423 -2.17967e-10 1.5708 4.90874 2 2 -2.20772e-05 0.658187 -0.000115174 -2.29096e-05 4.18079e-06 -460.697 -91.6383 83.6158 0.00118562 -0.00215771 -2.29504e-05
 4.06684e-06 -9.81821e-06 1.06272 1e-05 5.10509 2 2 1.28325e-06 0 -0.000329787 0.00281005 2.72235e-08 4960.52 6279.67 0.0390335 -0.0543869 -0.00638283 1.4916e-07
 0.07934 -0.191544 1.0423 0.19635 5.10509 2 2 -0.0042352 3.62303 -1.50949e-05 0.00205031 0.000377937 4132.74 4218.82 460.71 -0.0407082 -0.000706389 0.00296891
 0.155631 -0.375727 0.981821 0.392699 5.10509 2 2 -0.00617801 5.15636 0.000285657 1.52332e-05 -3.94508e-05 576.5 -523.891 -291.867 -8.49692e-05 0.00562353 0.0021655
 0.225941 -0.545471 0.883616 0.589049 5.10509 2 2 -0.00146779 3.34864 0.000237107 -0.00105254 -0.00071038 -2034.12 -3027.88 -1349.04 0.0260894 0.0069578 -0.00237591
 0.287569 -0.694252 0.751453 0.785398 5.10509 2 2 0.000706333 1.75298 -9.88433e-06 -0.000589344 -0.000540701 -1619.19 -1706.32 -956.795 0.0172177 0.00220905 -0.00454803
 0.338145 -0.816354 0.590413 0.981748 5.10509 2 2 -0.000381414 1.31333 -4.02778e-05 -0.000204023 -0.000259032 -767.454 -707.385 -538.548 0.00728263 0.000598743 -0.00334308
 0.375727 -0.907084 0.406684 1.1781 5.10509 2 2 0.000148448 0.923766 -6.01308e-05 -0.000103393 -0.000175059 -596.226 -475.799 -510.401 0.00431762 -0.000217574 -0.00447425
 0.398869 -0.962956 0.207326 1.37445 5.10509 2 2 6.69357e-05 0.808985 -8.05715e-05 -4.33527e-05 -4.63484e-05 -368.969 -178.606 -119.712 0.00127105 -0.0014017 -0.00895576
 0.406684 -0.981821 -2.17967e-10 1.5708 5.10509 2 2 5.13405e-05 0.797984 -8.31139e-05 -3.44269e-05 3.91536e-06 -332.455 -137.708 78.3072 0.00135612 -0.00135353 -6.0092e-05
 5.90413e-06 -8.83616e-06 1.06272 1e-05 5.30144 2 2 1.29861e-06 0 -0.000239952 0.00286205 2.51302e-08 5244.2 6204.01 0.0224492 -0.0553934 -0.00464414 2.69135e-07
 0.115184 -0.172385 1.0423 0.19635 5.30144 2 2 -0.00418098 3.34445 0.00015741 0.00226736 0.000357602 4880.92 4330.67 176.858 -0.0447346 0.00247809 0.00535347
 0.225941 -0.338145 0.981821 0.392699 5.30144 2 2 -0.00584815 4.87892 0.000686679 0.000463882 1.74202e-06 2251.78 -357.49 -641.313 -0.00897174 0.0132625 0.00663232
 0.328016 -0.490911 0.883616 0.589049 5.30144 2 2 -0.00175564 3.35657 0.000679177 -0.000671579 -0.000625234 -301.615 -3075.49 -1596.69 0.0175341 0.0161745 0.00247705
 0.417485 -0.624811 0.751453 0.785398 5.30144 2 2 0.000276633 1.88347 0.000288547 -0.000436053 -0.000522873 -638.751 -1956.25 -1271.69 0.0134927 0.00896094 -4.5413e-05
 0.490911 -0.7347 0.590413 0.981748 5.30144 2 2 -0.000363767 1.38836 9.83692e-05 -0.000151981 -0.000270914 -350.284 -873.089 -795.206 0.00608383 0.0040022 -7.82568e-05
 0.545471 -0.816354 0.406684 1.1781 5.30144 2 2 3.37328e-05 1.01622 1.07755e-05 -7.62722e-05 -0.000167557 -329.316 -535.99 -634.218 0.00346171 0.00153407 -0.00156367
 0.579069 -0.866637 0.207326 1.37445 5.30144 2 2 8.29633e-05 0.905631 -3.46031e-05 -3.35743e-05 -4.36952e-05 -205.95 -194.479 -237.71 0.00101435 -0.00043605 -0.00465584
 0.590413 -0.883616 -2.17967e-10 1.5708 5.30144 2 2 -9.06131e-06 0.897638 -4.09649e-05 -2.73719e-05 2.97684e-06 -163.859 -109.487 59.5369 0.00106364 -0.00038435 -7.8431e-05
 7.51453e-06 -7.51453e-06 1.06272 1e-05 5.49779 2 2 1.32133e-06 0 -0.000126044 0.00295663 2.17978e-08 5661.17 6165.35 0.00356506 -0.0572239 -0.0024395 3.87384e-07
 0.146601 -0.146601 1.0423 0.19635 5.49779 2 2 -0.00387218 2.90096 0.000291704 0.00253888 0.000316071 5653.59 4613.64 -146.271 -0.0497161 0.00500021 0.00769597
 0.287569 -0.287569 0.981821 0.392699 5.49779 2 2 -0.0049001 4.31228 0.000907195 0.000987868 2.36286e-05 3688.5 295.395 -993.819 -0.0191845 0.0174329 0.010725
 0.417485 -0.417485 0.883616 0.589049 5.49779 2 2 -0.00145415 3.0653 0.000940099 -0.000188596 -0.000533279 1236.73 -2547.98 -1788.18 0.00693857 0.0214779 0.00686945
 0.531358 -0.531358 0.751453 0.785398 5.49779 2 2 0.00036389 1.75738 0.000485755 -0.000170262 -0.000463874 354.589 -1732.12 -1475.53 0.00710775 0.0132369 0.00433394
 0.624811 -0.624811 0.590413 0.981748 5.49779 2 2 -0.000340002 1.31918 0.000200192 -2.16236e-05 -0.000234739 160.826 -729.198 -941.878 0.00273161 0.00618775 0.00365749
 0.694252 -0.694252 0.406684 1.1781 5.49779 2 2 8.08571e-05 1.00594 6.83028e-05 -1.02623e-05 -0.000134119 -16.5817 -414.342 -679.019 0.00155041 0.00267475 0.00191937
 0.737014 -0.737014 0.207326 1.37445 5.49779 2 2 5.52657e-05 0.932788 1.03149e-05 2.35252e-06 -2.83053e-05 -10.2822 -89.8958 -283.015 0.000151872 0.000398563 0.000876952
 0.751453 -0.751453 -2.17967e-10 1.5708 5.49779 2 2 -5.91708e-06 0.92912 3.41768e-06 3.41768e-06 2.34422e-06 13.6707 13.6707 46.8844 0.000182593 0.000447914 -6.62288e-05
 8.83616e-06 -5.90413e-06 1.06272 1e-05 5.69414 2 2 1.3542e-06 0 -1.82719e-05 0.00309029 1.73206e-08 6144.03 6217.12 -0.0165453 -0.0598108 -0.000353641 4.95344e-07
 0.172385 -0.115184 1.0423 0.19635 5.69414 2 2 -0.00334505 2.30512 0.000345266 0.00284738 0.00025756 6337.59 5115.72 -482.835 -0.0555192 0.0060697 0.00985306
 0.338145 -0.225941 0.981821 0.392699 5.69414 2 2 -0.00430284 3.514 0.000921298 0.00154479 3.81935e-05 4764.26 1399.95 -1318.68 -0.029971 0.0176187 0.0143767
 0.490911 -0.328016 0.883616 0.589049 5.69414 2 2 -0.00132008 2.57077 0.000964555 0.000290669 -0.000427976 2272.99 -1559.85 -1841.85 -0.00355195 0.0217743 0.0100564
 0.624811 -0.417485 0.751453 0.785398 5.69414 2 2 0.000390793 1.46359 0.000528489 9.19206e-05 -0.000388354 1017.74 -1209.21 -1518.02 0.000727442 0.0139827 0.0071635
 0.7347 -0.490911 0.590413 0.981748 5.69414 2 2 -0.000106965 1.10892 0.000219104 0.000121917 -0.000171279 515.242 -365.235 -944.84 -0.0010393 0.00623269 0.00647558
 0.816354 -0.545471 0.406684 1.1781 5.69414 2 2 1.08266e-05 0.915296 8.68062e-05 7.12548e-05 -7.86784e-05 214.942 -132.488 -609.165 -0.000762832 0.00261423 0.00503764
 0.866637 -0.579069 0.207326 1.37445 5.69414 2 2 5.82027e-05 0.882248 3.90669e-05 5.44408e-05 -1.12474e-05 134.806 87.6589 -318.664 -0.0010002 0.000856494 0.00657315
 0.883616 -0.590413 -2.17967e-10 1.5708 5.69414 2 2 -2.48969e-05 0.884773 3.39496e-05 5.08091e-05 1.64988e-06 135.798 203.237 32.9975 -0.000989843 0.000902068 -8.39855e-05
 9.81821e-06 -4.06684e-06 1.06272 1e-05 5.89049 2 2 1.39229e-06 0 6.30441e-05 0.00323877 1.18118e-08 6603.63 6351.45 -0.0367036 -0.0626846 0.00122018 5.83799e-07
 0.191544 -0.07934 1.0423 0.19635 5.89049 2 2 -0.00237442 1.57197 0.000309153 0.00313683 0.000181963 6810.19 5742.43 -814.399 -0.0609519 0.00550633 0.0116203
 0.375727 -0.155631 0.981821 0.392699 5.89049 2 2 -0.00331402 2.4826 0.000743456 0.00210643 4.93874e-05 5458.24 2872.59 -1633.44 -0.0409346 0.014144 0.017907
 0.545471 -0.225941 0.883616 0.589049 5.89049 2 2 -0.00164353 1.91548 0.000812106 0.000800087 -0.000296744 2970.34 -137.949 -1868.91 -0.0144898 0.018104 0.013574
 0.694252 -0.287569 0.751453 0.785398 5.89049 2 2 0.000311666 1.06092 0.000451206 0.000332603 -0.000289578 1370.95 -470.527 -1446.65 -0.00515987 0.0118488 0.00930142
 0.816354 -0.338145 0.590413 0.981748 5.89049 2 2 -1.78793e-05 0.825443 0.000168925 0.000233679 -9.97355e-05 640.035 67.2696 -846.438 -0.00400204 0.00455387 0.00814167
 0.907084 -0.375727 0.406684 1.1781 5.89049 2 2 3.60738e-05 0.741651 7.17574e-05 0.000147884 -2.34236e-05 312.202 195.98 -515.287 -0.00275133 0.0017075 0.00771421
 0.962956 -0.398869 0.207326 1.37445 5.89049 2 2 3.17819e-05 0.757959 4.44635e-05 0.000112098 9.14548e-06 196.838 314.033 -310.082 -0.00222575 0.000791647 0.0118609
 0.981821 -0.406684 -2.17967e-10 1.5708 5.89049 2 2 -4.03579e-05 0.76647 4.37683e-05 0.000105666 6.68279e-07 175.073 422.664 13.3656 -0.00223646 0.000814738 -9.41603e-05
 1.0423e-05 -2.07326e-06 1.06272 1e-05 6.08684 2 2 1.43415e-06 0 0.000102473 0.00336072 5.5514e-09 6926.38 6516.49 -0.0552199 -0.0650448 0.0019833 6.41819e-07
 0.203342 -0.0404472 1.0423 0.19635 6.08684 2 2 -0.00125133 0.738807 0.000198107 0.00334169 9.10286e-05 6977.26 6336.24 -1115.31 -0.0646971 0.00357744 0.0127606
 0.398869 -0.07934 0.981821 0.392699 6.08684 2 2 -0.00210672 1.24194 0.000411394 0.00256517 4.01581e-05 5645.63 4411.22 -1937.1 -0.0496681 0.00773109 0.0208026
 0.579069 -0.115184 0.883616 0.589049 6.08684 2 2 -0.00140775 1.01812 0.000477072 0.0013069 -0.000142284 3235.48 1646.42 -1905.72 -0.0250555 0.0104519 0.0177823
 0.737014 -0.146601 0.751453 0.785398 6.08684 2 2 0.000148775 0.56027 0.000250501 0.000537555 -0.000140816 1353.96 491.149 -1232.12 -0.0101039 0.00645946 0.01117
 0.866637 -0.172385 0.590413 0.981748 6.08684 2 2 -2.39725e-05 0.48806 7.43867e-05 0.0003221 -1.5144e-05 582.576 549.711 -694.633 -0.00619524 0.00164437 0.00957378
 0.962956 -0.191544 0.406684 1.1781 6.08684 2 2 -6.43015e-06 0.511791 2.9635e-05 0.000207505 2.7562e-05 274.904 509.628 -410.895 -0.0041145 0.000193363 0.00983349
 1.02227 -0.203342 0.207326 1.37445 6.08684 2 2 2.38119e-05 0.567466 2.76791e-05 0.000164909 2.52622e-05 168.957 526.265 -316.929 -0.00326893 0.000306225 0.0164186
 1.0423 -0.207326 -2.17967e-10 1.5708 6.08684 2 2 -3.29942e-05 0.580349 3.14506e-05 0.000158113 -2.26699e-07 125.802 632.452 -4.53398 -0.00329235 0.000306161 -0.000115423
 1.06272e-05 8.71866e-15 1.06272 1e-05 6.28319 2 2 1.47817e-06 0 0.000112712 0.00343125 -1.12712e-09 7087.92 6637.07 -0.0708792 -0.0664098 0.00218149 6.64098e-07
 0.207326 1.70093e-10 1.0423 0.19635 6.28319 2 2 -6.47349e-05 -0.150003 5.96178e-05 0.00343125 -1.18587e-05 6877.45 6747.22 -1368.01 -0.0664879 0.00118923 0.0132253
 0.406684 3.33649e-10 0.981821 0.392699 6.28319 2 2 -0.000144482 -0.161793 -1.12444e-05 0.00277388 4.65759e-06 5188.53 5596.21 -2149.16 -0.0537746 -0.000244904 0.0222742
 0.590413 4.84383e-10 0.883616 0.589049 6.28319 2 2 -7.8127e-05 -0.117608 -4.32477e-05 0.00155158 2.88972e-05 2595.26 3245.89 -1734.09 -0.0300554 -0.00109022 0.0200824
 0.751453 6.16503e-10 0.751453 0.785398 6.28319 2 2 -2.95771e-05 -0.0233489 -5.6263e-05 0.000630845 5.6263e-05 835.899 1466.04 -835.899 -0.0122104 -0.00174277 0.0122104
 0.883616 7.2493e-10 0.590413 0.981748 6.28319 2 2 9.88951e-06 0.0941775 -5.22478e-05 0.000363991 7.81943e-05 323.994 989.045 -484.891 -0.00705539 -0.00210291 0.0105591
 0.981821 8.055e-10 0.406684 1.1781 6.28319 2 2 -1.71122e-05 0.226966 -3.27018e-05 0.000245968 7.89491e-05 117.299 788.33 -283.184 -0.00478932 -0.00176124 0.0115624
 1.0423 8.55114e-10 0.207326 1.37445 6.28319 2 2 -1.38959e-06 0.32163 -8.09257e-06 0.000202457 4.06841e-05 58.3702 699.232 -293.447 -0.00397905 -0.000557623 0.0200041
 1.06272 8.71866e-10 -2.17967e-10 1.5708 6.28319 2 2 2.38823e-07 0.337377 -1.61725e-13 0.000196717 -1.63629e-06 -6.5227e-07 786.869 -32.7259 -0.00399724 -0.000602552 -9.14327e-05
ZONE T="Southern Hemisphere" \
I= 9 \
J= 33 \
F=POINT 
 1.06272 0 -2.17967e-10 1.5708 0 2 2 2.38823e-07 0.337377 -3.35609e-16 0.000196717 -1.63629e-06 -6.71219e-09 786.869 -32.7259 -0.00399724 -0.000602552 -9.14327e-05
 1.0423 0 -0.207326 1.76715 0 2 2 -2.61597e-07 0.317275 -9.39655e-06 0.000204308 -4.72396e-05 47.8712 726.527 240.665 -0.00401543 -0.000647481 -0.0201869
 0.981821 0 -0.406684 1.9635 0 2 2 3.29737e-05 0.209176 -3.60521e-05 0.000252964 -8.70374e-05 110.254 828.056 266.177 -0.00492553 -0.00194171 -0.0118913
 0.883616 0 -0.590413 2.15984 0 2 2 -1.80103e-05 0.06652 -5.96394e-05 0.000380961 -8.92567e-05 324.458 1056.26 485.585 -0.00738432 -0.00240042 -0.0110514
 0.751453 0 -0.751453 2.35619 0 2 2 1.85851e-05 -0.0765525 -7.20708e-05 0.00068139 -7.20708e-05 875.312 1618.37 875.312 -0.0131887 -0.0022324 -0.0131887
 0.590413 0 -0.883616 2.55254 0 2 2 8.09594e-05 -0.20477 -6.71799e-05 0.0016365 -4.48882e-05 2689.87 3477.61 1797.31 -0.0317002 -0.00169354 -0.0211814
 0.406684 0 -0.981821 2.74889 0 2 2 0.000192576 -0.291609 -2.90225e-05 0.00299278 -1.20215e-05 5562.89 6075.01 2304.23 -0.058018 -0.000632106 -0.0240318
 0.207326 0 -1.0423 2.94524 0 2 2 0.000102934 -0.288383 1.18838e-06 0.00430562 2.36384e-07 8481.46 8617.32 1687.07 -0.0834309 2.37002e-05 -0.0165954
 1.06267e-05 0 -1.06272 3.14158 0 2 2 -5.69811e-06 -0.288383 0 0.00430562 0 8611.24 8611.24 0.0861089 -0.0833326 4.40104e-12 -8.33292e-07
 1.0423 0.207326 -2.17967e-10 1.5708 0.19635 2 2 3.42135e-05 0.0567469 -4.20371e-05 0.000211335 -2.04184e-06 -168.148 845.339 -40.8368 -0.00408913 -0.00164597 -1.02548e-06
 1.02227 0.203342 -0.207326 1.76715 0.19635 2 2 -1.88131e-05 0.0335057 -5.53808e-05 0.000214972 -6.22272e-05 -129.283 815.747 162.611 -0.00407993 -0.00169322 -0.0217778
 0.962956 0.191544 -0.406684 1.9635 0.19635 2 2 2.56753e-05 -0.112128 -0.000107095 0.000243296 -0.000138992 -170.116 982.392 59.8908 -0.00434906 -0.00402586 -0.012194
 0.866637 0.172385 -0.590413 2.15984 0.19635 2 2 2.15464e-05 -0.366932 -0.000198383 0.000350332 -0.000188909 -134.92 1342.06 193.803 -0.00626924 -0.00641626 -0.0110757
 0.737014 0.146601 -0.751453 2.35619 0.19635 2 2 -0.000115624 -0.716864 -0.000395598 0.000575457 -0.000275731 -111.323 2185.4 317.165 -0.0105334 -0.0108081 -0.0124396
 0.579069 0.115184 -0.883616 2.55254 0.19635 2 2 0.00138174 -1.40484 -0.000619975 0.00137254 -0.000227377 1015.92 4097.03 1199.84 -0.0261813 -0.0139464 -0.0189756
 0.398869 0.07934 -0.981821 2.74889 0.19635 2 2 0.00225717 -1.80621 -0.00054511 0.00274265 1.7745e-07 4058.37 6532.81 2176.64 -0.0530563 -0.0105438 -0.0224064
 0.203342 0.0404472 -1.0423 2.94524 0.19635 2 2 0.00109904 -1.40361 -0.00066918 0.00412462 2.95089e-05 6787.49 9564.33 1695.32 -0.0798089 -0.0128631 -0.0160691
 1.04225e-05 2.07317e-06 -1.06272 3.14158 0.19635 2 2 -5.64913e-06 -1.40361 -0.000814681 0.00409568 0 6561.99 9820.71 0.0835149 -0.0792692 -0.0157676 -8.08189e-07
 0.981821 0.406684 -2.17967e-10 1.5708 0.392699 2 2 4.01308e-05 -0.236153 -8.30317e-05 0.000200456 -1.65483e-06 -332.127 801.825 -33.0965 -0.00366313 -0.0025347 -1.61103e-05
 0.962956 0.398869 -0.207326 1.76715 0.392699 2 2 -3.63674e-05 -0.261342 -9.82712e-05 0.000200313 -7.10582e-05 -312.401 799.287 86.739 -0.00365044 -0.00257373 -0.0219066
 0.907084 0.375727 -0.406684 1.9635 0.392699 2 2 -3.2055e-05 -0.428994 -0.000166327 0.000206852 -0.000179875 -472.443 1002.58 -127.491 -0.0030475 -0.00560845 -0.0119788
 0.816354 0.338145 -0.590413 2.15984 0.392699 2 2 1.30613e-05 -0.779562 -0.000304431 0.000268576 -0.000267111 -629.13 1393.15 -71.9955 -0.00378708 -0.0093309 -0.0105804
 0.694252 0.287569 -0.751453 2.35619 0.392699 2 2 -0.000292609 -1.28407 -0.000605613 0.000355017 -0.000423654 -1095.96 2202.06 -169.846 -0.00499875 -0.0162786 -0.0108478
 0.545471 0.225941 -0.883616 2.55254 0.392699 2 2 0.0016344 -2.37429 -0.000976854 0.00084344 -0.00038736 -779.138 3774.75 484.231 -0.015026 -0.0220218 -0.0149068
 0.375727 0.155631 -0.981821 2.74889 0.392699 2 2 0.00332014 -3.13988 -0.000947733 0.00221317 -1.18659e-05 2249.45 6233.74 1848.95 -0.0428682 -0.0184294 -0.0193262
 0.191544 0.07934 -1.0423 2.94524 0.392699 2 2 0.00212206 -2.45682 -0.00123518 0.00363971 5.00653e-05 4706.05 9702.46 1603.39 -0.0705471 -0.02379 -0.0147754
 9.81781e-06 4.06667e-06 -1.06272 3.14158 0.392699 2 2 -5.60252e-06 -2.45682 -0.00146772 0.00354339 0 4151.34 10022.2 0.0767036 -0.0685801 -0.0284068 -7.42275e-07
 0.883616 0.590413 -2.17967e-10 1.5708 0.589049 2 2 2.65988e-05 -0.520768 -0.00011275 0.000168742 -2.36044e-06 -451 674.969 -47.2089 -0.00278181 -0.00311816 -4.94068e-05
 0.866637 0.579069 -0.207326 1.76715 0.589049 2 2 -6.1336e-05 -0.547791 -0.000128664 0.000163821 -8.02664e-05 -478.255 699.805 -44.5605 -0.00275621 -0.00317417 -0.0203868
 0.816354 0.545471 -0.406684 1.9635 0.589049 2 2 -2.24049e-06 -0.738598 -0.000202506 0.00014104 -0.000217326 -766.372 885.056 -351.278 -0.00102297 -0.00649834 -0.0107694
 0.7347 0.490911 -0.590413 2.15984 0.589049 2 2 0.000161231 -1.17391 -0.000360175 0.000151402 -0.000322309 -1063.69 1217.79 -311.087 -0.000442921 -0.0107173 -0.00946228
 0.624811 0.417485 -0.751453 2.35619 0.589049 2 2 -0.000370121 -1.77037 -0.000684665 9.89079e-05 -0.000514328 -1857.82 1806.95 -540.834 0.00140542 -0.0182231 -0.00895562
 0.490911 0.328016 -0.883616 2.55254 0.589049 2 2 0.00134456 -3.10994 -0.00114052 0.000307982 -0.000519308 -2220.59 3024.35 -110.992 -0.0034444 -0.0258426 -0.0115069
 0.338145 0.225941 -0.981821 2.74889 0.589049 2 2 0.00417848 -4.25834 -0.00117582 0.00158153 -4.10107e-05 586.51 5408.61 1446.65 -0.0304276 -0.0229157 -0.0157529
 0.172385 0.115184 -1.0423 2.94524 0.589049 2 2 0.00314341 -3.39519 -0.00157544 0.00293029 6.32653e-05 2634.59 8951.08 1424.92 -0.0568151 -0.0303418 -0.0127497
 8.83579e-06 5.90389e-06 -1.06272 3.14158 0.589049 2 2 -5.56008e-06 -3.39519 -0.00183989 0.00275359 0 1827.4 9186.97 0.0662316 -0.053294 -0.0356099 -6.40936e-07
 0.751453 0.751453 -2.17967e-10 1.5708 0.785398 2 2 5.18811e-06 -0.77633 -0.000123348 0.000123348 -2.64022e-06 -493.393 493.393 -52.8044 -0.00170423 -0.00315729 -7.2297e-05
 0.737014 0.737014 -0.207326 1.76715 0.785398 2 2 -6.33601e-05 -0.803539 -0.000136619 0.000114053 -8.02204e-05 -559.625 519.359 -143.142 -0.00166106 -0.00322079 -0.0173543
 0.694252 0.694252 -0.406684 1.9635 0.785398 2 2 -9.00031e-05 -0.994035 -0.000202045 6.02292e-05 -0.000242095 -969.467 635.826 -569.56 0.00127274 -0.00635374 -0.0086738
 0.624811 0.624811 -0.590413 2.15984 0.785398 2 2 0.00034395 -1.50101 -0.000341197 -1.4327e-06 -0.000362592 -1370.09 804.32 -598.734 0.00360061 -0.0101767 -0.00695925
 0.531358 0.531358 -0.751453 2.35619 0.785398 2 2 -0.000360066 -2.15476 -0.000641784 -0.000180604 -0.000581516 -2388.23 1093.81 -915.293 0.00827232 -0.0172318 -0.00633534
 0.417485 0.417485 -0.883616 2.55254 0.785398 2 2 0.0014901 -3.68996 -0.00112075 -0.000200136 -0.000624084 -3241.19 1933.25 -617.964 0.00772198 -0.0255332 -0.00841532
 0.287569 0.287569 -0.981821 2.74889 0.785398 2 2 0.00485837 -5.14471 -0.00117854 0.000939708 -6.99514e-05 -648.169 4132.15 1020.43 -0.0178728 -0.0230571 -0.0119881
 0.146601 0.146601 -1.0423 2.94524 0.785398 2 2 0.0038078 -4.1765 -0.00161718 0.00212173 7.09653e-05 964.402 7416.69 1178.82 -0.0411571 -0.0311179 -0.0101656
 7.51423e-06 7.51423e-06 -1.06272 3.14158 0.785398 2 2 -5.52344e-06 -4.1765 -0.00186945 0.00186945 0 -9.25753e-07 7477.82 0.052874 -0.0361821 -0.0361821 -5.11671e-07
 0.590413 0.883616 -2.17967e-10 1.5708 0.981748 2 2 5.64824e-06 -0.985076 -0.000111947 7.48006e-05 -3.80933e-06 -447.788 299.202 -76.1866 -0.000664329 -0.00272048 -8.26827e-05
 0.579069 0.866637 -0.207326 1.76715 0.981748 2 2 -8.129e-05 -1.01052 -0.00012132 6.25892e-05 -7.72242e-05 -557.778 312.514 -251.562 -0.000593828 -0.00278736 -0.01331
 0.545471 0.816354 -0.406684 1.9635 0.981748 2 2 -4.88199e-05 -1.19465 -0.000161413 -1.23397e-05 -0.000241268 -996.924 310.98 -712.896 0.00309394 -0.00504415 -0.00597556
 0.490911 0.7347 -0.590413 2.15984 0.981748 2 2 0.000362452 -1.70561 -0.000242027 -0.000136885 -0.000371575 -1414.31 260.67 -851.581 0.00695596 -0.00756586 -0.00363115
 0.417485 0.624811 -0.751453 2.35619 0.981748 2 2 -0.00027849 -2.38413 -0.000446241 -0.000458093 -0.000628809 -2563.74 84.6899 -1353.92 0.0149427 -0.0126976 -0.00225591
 0.328016 0.490911 -0.883616 2.55254 0.981748 2 2 0.00183113 -4.07258 -0.000855615 -0.00070563 -0.000709648 -3741.47 357.562 -1190.26 0.0188053 -0.0199983 -0.00412956
 0.225941 0.338145 -0.981821 2.74889 0.981748 2 2 0.00558122 -5.78401 -0.000944995 0.0003411 -9.99898e-05 -1331.03 2490.19 551.334 -0.00611254 -0.0185791 -0.00780539
 0.115184 0.172385 -1.0423 2.94524 0.981748 2 2 0.0041109 -4.76804 -0.00136958 0.00136537 7.44658e-05 -25.5012 5419.26 893.47 -0.0266033 -0.0263897 -0.0073045
 5.90389e-06 8.83579e-06 -1.06272 3.14158 0.981748 2 2 -5.49819e-06 -4.76804 -0.00157756 0.00105409 0 -1046.94 5263.31 0.0379448 -0.0204013 -0.0305327 -3.67199e-07
 0.406684 0.981821 -2.17967e-10 1.5708 1.1781 2 2 -4.86326e-05 -1.13469 -8.79624e-05 3.64352e-05 -4.298e-06 -351.85 145.741 -85.9601 4.38001e-06 -0.00197635 -4.59558e-05
 0.398869 0.962956 -0.207326 1.76715 1.1781 2 2 -6.65222e-05 -1.15765 -9.1436e-05 2.41874e-05 -6.35694e-05 -458.997 132.985 -265.387 9.81022e-05 -0.00202506 -0.00921699
 0.375727 0.907084 -0.406684 1.9635 1.1781 2 2 -0.000148291 -1.30721 -0.00010158 -5.4474e-05 -0.000215349 -858.47 24.2071 -739.13 0.00389261 -0.00314937 -0.00342819
 0.338145 0.816354 -0.590413 2.15984 1.1781 2 2 0.000319402 -1.77807 -0.000111563 -0.000194824 -0.000333275 -1168.9 -187.396 -928.57 0.00805949 -0.00393982 -0.000831638
 0.287569 0.694252 -0.751453 2.35619 1.1781 2 2 -0.000592128 -2.37409 -0.000134788 -0.000629739 -0.000633384 -2244.83 -936.738 -1724.49 0.0189941 -0.0054242 0.00225741
 0.225941 0.545471 -0.883616 2.55254 1.1781 2 2 0.00154295 -4.16226 -0.000410653 -0.00110258 -0.000785648 -3662.6 -1360.99 -1776.69 0.027664 -0.0105667 0.000550728
 0.155631 0.375727 -0.981821 2.74889 1.1781 2 2 0.00589116 -6.13807 -0.000524565 -0.000158215 -0.000143696 -1463.28 688.726 31.6162 0.00383198 -0.0104841 -0.00340466
 0.07934 0.191544 -1.0423 2.94524 1.1781 2 2 0.00403602 -5.16172 -0.000909337 0.000766069 7.15623e-05 -283.774 3318.94 588.324 -0.0150258 -0.0175336 -0.00436594
 4.06667e-06 9.81781e-06 -1.06272 3.14158 1.1781 2 2 -5.48111e-06 -5.16172 -0.00104701 0.000433687 0 -1226.65 2961.4 0.0226647 -0.00839374 -0.0202643 -2.1933e-07
 0.207326 1.0423 -2.17967e-10 1.5708 1.37445 2 2 2.23002e-05 -1.2385 -5.80917e-05 1.15552e-05 -4.73173e-06 -232.367 46.2206 -94.6345 0.000342919 -0.00118486 -4.49263e-05
 0.203342 1.02227 -0.207326 1.76715 1.37445 2 2 -6.80033e-05 -1.25521 -5.73882e-05 1.27627e-06 -4.99925e-05 -329.857 11.9555 -264.569 0.000453548 -0.00121597 -0.00555082
 0.191544 0.962956 -0.406684 1.9635 1.37445 2 2 -0.000129869 -1.37417 -5.02194e-05 -6.52861e-05 -0.000178239 -652.821 -154.03 -672.189 0.00375765 -0.00147137 -0.00171414
 0.172385 0.866637 -0.590413 2.15984 1.37445 2 2 0.000377003 -1.76872 -3.14484e-06 -0.000167664 -0.000247024 -730.81 -391.537 -788.094 0.00661682 -0.00073249 0.000856749
 0.146601 0.737014 -0.751453 2.35619 1.37445 2 2 -0.00118276 -2.16494 0.000156454 -0.000638114 -0.00059533 -1609.82 -1597.4 -1880.76 0.0191459 0.00168669 0.00538945
 0.115184 0.579069 -0.883616 2.55254 1.37445 2 2 0.00107694 -4.00966 5.64401e-05 -0.0013015 -0.000845565 -3147.02 -2757.67 -2217.44 0.0324279 -0.000345598 0.00400066
 0.07934 0.398869 -0.981821 2.74889 1.37445 2 2 0.00571363 -6.21598 -2.76865e-05 -0.000471149 -0.000193644 -1094.9 -896.233 -452.577 0.0102086 -0.000753159 0.000518977
 0.0404472 0.203342 -1.0423 2.94524 1.37445 2 2 0.00378966 -5.35652 -0.000339014 0.000390333 6.29945e-05 115.163 1449.16 287.185 -0.00772766 -0.00652335 -0.00157252
 2.07317e-06 1.04225e-05 -1.06272 3.14158 1.37445 2 2 -5.47287e-06 -5.35652 -0.000400798 7.97237e-05 0 -642.149 961.044 0.00817267 -0.001543 -0.0077572 -7.90885e-08
 -2.17967e-10 1.06272 -2.17967e-10 1.5708 1.5708 2 2 1.71795e-05 -1.29235 -2.59416e-05 -6.38817e-15 -5.20444e-06 -103.767 -4.26318e-08 -104.089 0.000403916 -0.000457143 -3.25017e-05
 -2.13778e-10 1.0423 -0.207326 1.76715 1.5708 2 2 -7.19907e-05 -1.30524 -2.35904e-05 -7.67155e-06 -3.85675e-05 -195.829 -53.5515 -269.222 0.000528502 -0.000463608 -0.00233071
 -2.01375e-10 0.981821 -0.406684 1.9635 1.5708 2 2 -0.000101982 -1.39701 -3.53305e-06 -5.85549e-05 -0.000141364 -426.653 -247.456 -597.411 0.00315321 -6.87121e-05 -0.000165886
 -1.81233e-10 0.883616 -0.590413 2.15984 1.5708 2 2 0.000544063 -1.71251 6.86983e-05 -9.47564e-05 -0.000141813 -258.771 -370.239 -554.102 0.0038135 0.00133162 0.00199291
 -1.54126e-10 0.751453 -0.751453 2.35619 1.5708 2 2 -0.00207478 -1.85098 0.000282167 -0.000529308 -0.000529308 -1054.9 -1726.26 -1726.26 0.0163938 0.00546161 0.00546161
 -1.21096e-10 0.590413 -0.883616 2.55254 1.5708 2 2 0.000459388 -3.70493 0.000428303 -0.00131861 -0.000881066 -2441.11 -3641.86 -2433.41 0.0332375 0.00829781 0.00554442
 -8.34122e-11 0.406684 -0.981821 2.74889 1.5708 2 2 0.00491111 -6.07211 0.00038379 -0.000579308 -0.000239957 -504.361 -1924.26 -797.055 0.0126168 0.0074405 0.00308195
 -4.25232e-11 0.207326 -1.0423 2.94524 1.5708 2 2 0.0033086 -5.37392 0.00023817 0.000257269 5.11739e-05 1003.5 50.0844 9.96241 -0.00513181 0.0046152 0.000918021
 -2.17958e-15 1.06267e-05 -1.06272 3.14158 1.5708 2 2 -5.47377e-06 -5.37392 0.00023817 4.88496e-14 0 476.341 -476.341 -0.00476321 -4.50808e-12 0.00460964 4.60945e-08
 -0.207326 1.0423 -2.17967e-10 1.5708 1.76715 2 2 1.38331e-05 -1.30754 -1.41897e-06 -2.82251e-07 -5.37721e-06 -5.67588 -1.129 -107.544 0.000241615 6.68809e-05 5.3839e-05
 -0.203342 1.02227 -0.207326 1.76715 1.76715 2 2 -7.07749e-05 -1.31679 2.55541e-06 -5.11981e-06 -2.77508e-05 -78.0586 -67.0029 -253.815 0.000367235 0.000102787 0.000146638
 -0.191544 0.962956 -0.406684 1.9635 1.76715 2 2 -8.2941e-05 -1.38286 2.86588e-05 -3.82597e-05 -0.00010409 -216.428 -253.647 -498.656 0.00219698 0.000846378 0.000969319
 -0.172385 0.866637 -0.590413 2.15984 1.76715 2 2 0.000451624 -1.61668 9.00772e-05 -3.5503e-05 -7.84131e-05 0.458217 -266.837 -391.811 0.00175803 0.00195725 0.00235965
 -0.146601 0.737014 -0.751453 2.35619 1.76715 2 2 -0.00220858 -1.63387 0.000255677 -0.000425763 -0.000467463 -804.598 -1586.29 -1398.84 0.0135735 0.00601526 0.00325163
 -0.115184 0.579069 -0.883616 2.55254 1.76715 2 2 -6.4905e-05 -3.3763 0.000657363 -0.00120415 -0.000874817 -1707.64 -3999.23 -2398.25 0.0307933 0.014215 0.00530161
 -0.07934 0.398869 -0.981821 2.74889 1.76715 2 2 0.00490737 -5.82506 0.00069728 -0.000518336 -0.000266923 231.453 -2434.94 -1007.91 0.0115356 0.0137893 0.0046698
 -0.0404472 0.203342 -1.0423 2.94524 1.76715 2 2 0.00344774 -5.23285 0.000773568 0.000376366 4.34063e-05 2305.84 -763.211 -238.375 -0.0074028 0.0149411 0.00320214
 -2.07317e-06 1.04225e-05 -1.06272 3.14158 1.76715 2 2 -5.47909e-06 -5.23285 0.00081614 0.00016234 0 1956.96 -1307.6 -0.0166419 -0.003142 0.0157959 1.61047e-07
 -0.406684 0.981821 -2.17967e-10 1.5708 1.9635 2 2 1.7172e-05 -1.2962 1.57311e-05 6.51603e-06 -4.11948e-06 62.9243 26.0641 -82.3896 -5.09802e-06 0.000402518 9.28769e-05
 -0.398869 0.962956 -0.207326 1.76715 1.9635 2 2 -7.34091e-05 -1.3013 1.9935e-05 4.28668e-06 -1.84424e-05 11.3702 -44.949 -230.647 8.2192e-05 0.000458671 0.00197224
 -0.375727 0.907084 -0.406684 1.9635 1.9635 2 2 -8.36527e-05 -1.34625 4.67839e-05 -1.65717e-05 -8.01849e-05 -73.3008 -226.363 -437.167 0.00137693 0.00134717 0.00173267
 -0.338145 0.816354 -0.590413 2.15984 1.9635 2 2 0.000410405 -1.53232 9.03486e-05 -5.29995e-06 -5.90732e-05 88.7856 -205.301 -334.716 0.000862531 0.00206748 0.00236467
 -0.287569 0.694252 -0.751453 2.35619 1.9635 2 2 -0.00155569 -1.53535 0.000298116 -0.00032699 -0.000416184 -424.604 -1525.53 -1246.91 0.0107981 0.00762556 0.00291286
 -0.225941 0.545471 -0.883616 2.55254 1.9635 2 2 0.000130552 -3.09892 0.000851954 -0.000980377 -0.000823048 -774.923 -4025.53 -2286.88 0.0255992 0.0192317 0.00532633
 -0.155631 0.375727 -0.981821 2.74889 1.9635 2 2 0.0054556 -5.47852 0.00104345 -0.000260169 -0.000264962 1433.18 -2602.4 -1223.07 0.00645407 0.0208088 0.00694013
 -0.07934 0.191544 -1.0423 2.94524 1.9635 2 2 0.00351533 -4.94182 0.00123626 0.000726133 3.93374e-05 3917.98 -972.082 -476.879 -0.0141676 0.0239008 0.00547072
 -4.06667e-06 9.81781e-06 -1.06272 3.14158 1.9635 2 2 -5.49332e-06 -4.94182 0.00131194 0.000543424 0 3710.73 -1537.03 -0.0283995 -0.0105176 0.0253918 2.74827e-07
 -0.590413 0.883616 -2.17967e-10 1.5708 2.15984 2 2 1.42844e-05 -1.26222 2.69825e-05 1.80291e-05 -3.51915e-06 107.93 72.1166 -70.3829 -0.000318271 0.00058721 1.01013e-05
 -0.579069 0.866637 -0.207326 1.76715 2.15984 2 2 -6.98465e-05 -1.26443 2.96355e-05 1.71626e-05 -1.10319e-05 71.0464 -2.78766 -210.088 -0.000245713 0.000638108 0.00335363
 -0.545471 0.816354 -0.406684 1.9635 2.15984 2 2 -8.67988e-05 -1.29216 5.40853e-05 6.39648e-06 -5.97027e-05 31.0888 -167.908 -378.749 0.000582282 0.00152305 0.00227628
 -0.490911 0.7347 -0.590413 2.15984 2.15984 2 2 0.000414177 -1.43643 7.70374e-05 3.67017e-05 -1.83833e-05 186.205 -52.7001 -220.403 -0.000499141 0.00163574 0.00245051
 -0.417485 0.624811 -0.751453 2.35619 2.15984 2 2 -0.0019831 -1.35101 0.000311486 -0.000217048 -0.000353521 -73.4276 -1342.85 -1075.75 0.0076164 0.00831205 0.00267977
 -0.328016 0.490911 -0.883616 2.55254 2.15984 2 2 -0.000138442 -2.76716 0.000988079 -0.000689873 -0.000750068 189.366 -3755.89 -2156.95 0.0187916 0.022759 0.00566841
 -0.225941 0.338145 -0.981821 2.74889 2.15984 2 2 0.00495369 -4.94453 0.00134444 0.000176838 -0.000248485 2894.61 -2312.43 -1462.53 -0.00222819 0.0267721 0.00973323
 -0.115184 0.172385 -1.0423 2.94524 2.15984 2 2 0.00373675 -4.49546 0.00157916 0.00125417 3.29147e-05 5640.55 -589.674 -720.862 -0.024353 0.0305123 0.00773767
 -5.90389e-06 8.83579e-06 -1.06272 3.14158 2.15984 2 2 -5.51592e-06 -4.49546 0.00167109 0.00111659 0 5575.36 -1109.01 -0.0401944 -0.0216108 0.0323429 3.88969e-07
 -0.751453 0.751453 -2.17967e-10 1.5708 2.35619 2 2 -2.97821e-06 -1.20982 3.35955e-05 3.35955e-05 -3.91334e-06 134.382 134.382 -78.2668 -0.000694117 0.000669062 1.95522e-06
 -0.737014 0.737014 -0.207326 1.76715 2.35619 2 2 -3.64976e-05 -1.21208 3.59012e-05 3.41285e-05 -6.30161e-06 112.681 51.4826 -217.551 -0.000620591 0.000743138 0.00484787
 -0.694252 0.694252 -0.406684 1.9635 2.35619 2 2 -6.32233e-05 -1.22692 5.85528e-05 3.14401e-05 -4.62842e-05 109.77 -100.758 -359.394 -0.000142713 0.00160068 0.00297616
 -0.624811 0.624811 -0.590413 2.15984 2.35619 2 2 0.000465264 -1.34543 8.57332e-05 7.15833e-05 -1.49743e-05 259.811 11.2589 -263.032 -0.00123786 0.00180682 0.00322206
 -0.531358 0.531358 -0.751453 2.35619 2.35619 2 2 -0.00140602 -1.27486 0.000270359 -0.000144928 -0.000293652 91.0704 -1115.31 -853.041 0.00522041 0.00765719 0.00172307
 -0.417485 0.417485 -0.883616 2.55254 2.35619 2 2 0.00010628 -2.4508 0.000976957 -0.000332888 -0.000618867 1006.94 -2989.77 -1888.34 0.0102568 0.022719 0.00588804
 -0.287569 0.287569 -0.981821 2.74889 2.35619 2 2 0.003628 -4.2398 0.00139176 0.000681269 -0.000208097 3985.2 -1385.43 -1573.02 -0.0123165 0.0277395 0.0117321
 -0.146601 0.146601 -1.0423 2.94524 2.35619 2 2 0.00351423 -3.89819 0.00173145 0.00190947 2.50391e-05 7232.18 421.314 -957.964 -0.0369625 0.0334197 0.00989943
 -7.51423e-06 7.51423e-06 -1.06272 3.14158 2.35619 2 2 -5.54601e-06 -3.89819 0.00182046 0.00182046 0 7281.85 2.39503e-06 -0.0514883 -0.0352339 0.0352339 4.98262e-07
 -0.883616 0.590413 -2.17967e-10 1.5708 2.55254 2 2 4.5071e-06 -1.13576 3.51953e-05 5.26735e-05 -3.48019e-06 140.781 210.694 -69.6038 -0.00113202 0.000644885 3.44172e-05
 -0.866637 0.579069 -0.207326 1.76715 2.55254 2 2 -4.07102e-05 -1.13516 3.71757e-05 5.56484e-05 3.0888e-08 139.16 130.449 -217.351 -0.00108519 0.000727294 0.00656753
 -0.816354 0.545471 -0.406684 1.9635 2.55254 2 2 -9.80942e-06 -1.13568 5.38351e-05 6.6314e-05 -1.9121e-05 177.349 43.9767 -297.016 -0.00113751 0.00127013 0.00398695
 -0.7347 0.490911 -0.590413 2.15984 2.55254 2 2 0.000161155 -1.19025 8.80661e-05 0.000113616 -1.51198e-05 325.392 94.0555 -326.707 -0.0020857 0.00188315 0.00416119
 -0.624811 0.417485 -0.751453 2.35619 2.55254 2 2 -0.000883947 -1.18408 0.000271795 -2.52369e-05 -0.00024001 390.105 -830.843 -785.952 0.00203763 0.00757952 0.00251673
 -0.490911 0.328016 -0.883616 2.55254 2.55254 2 2 0.000227304 -2.0937 0.000880101 4.22883e-05 -0.00047326 1652.34 -1965.93 -1647.79 0.00147423 0.0204669 0.00677868
 -0.338145 0.225941 -0.981821 2.74889 2.55254 2 2 0.00297456 -3.45143 0.00121485 0.00115284 -0.000153104 4560.97 -80.1695 -1589.27 -0.0217861 0.0242062 0.0130737
 -0.172385 0.115184 -1.0423 2.94524 2.55254 2 2 0.00302855 -3.15859 0.00161869 0.00261677 2.14645e-05 8397.05 2058.97 -1161.25 -0.0506822 0.0312787 0.0118389
 -8.83579e-06 5.90389e-06 -1.06272 3.14158 2.55254 2 2 -5.58642e-06 -3.15859 0.00170841 0.00255682 0 8530.48 1696.82 -0.0614988 -0.0494857 0.0330653 5.95135e-07
 -0.981821 0.406684 -2.17967e-10 1.5708 2.74889 2 2 2.22902e-05 -1.0412 2.89127e-05 6.98015e-05 -3.22984e-06 115.651 279.206 -64.5969 -0.0014996 0.000414402 8.52204e-05
 -0.962956 0.398869 -0.207326 1.76715 2.74889 2 2 -3.70755e-05 -1.03738 2.89484e-05 7.4373e-05 8.62945e-06 129.336 217.611 -182.064 -0.00148609 0.000491317 0.00784762
 -0.907084 0.375727 -0.406684 1.9635 2.74889 2 2 -2.98404e-05 -1.01778 3.70877e-05 9.30308e-05 3.22726e-06 181.635 179.467 -239.32 -0.00182834 0.000681016 0.00470719
 -0.816354 0.338145 -0.590413 2.15984 2.74889 2 2 7.93783e-05 -1.02808 6.14807e-05 0.000141682 -3.86352e-06 314.796 209.732 -315.144 -0.00272771 0.00123999 0.00448174
 -0.694252 0.287569 -0.751453 2.35619 2.74889 2 2 -0.000564043 -1.03015 0.000234284 0.000115995 -0.000172061 619.391 -394.661 -723.273 -0.00148376 0.00638435 0.003814
 -0.545471 0.225941 -0.883616 2.55254 2.74889 2 2 0.000433021 -1.67575 0.000687209 0.000397234 -0.000322652 2014.11 -766.337 -1439.29 -0.00660861 0.0158953 0.00814404
 -0.375727 0.155631 -0.981821 2.74889 2.74889 2 2 0.00264442 -2.57595 0.000908109 0.0016249 -8.9951e-05 4863.94 1487.07 -1625.63 -0.0312947 0.018078 0.0148415
 -0.191544 0.07934 -1.0423 2.94524 2.74889 2 2 0.00211619 -2.30139 0.00123558 0.00324733 2.01241e-05 8870.12 4075.74 -1319.82 -0.0629171 0.0238772 0.0133799
 -9.81781e-06 4.06667e-06 -1.06272 3.14158 2.74889 2 2 -5.63162e-06 -2.30139 0.00132905 0.00320862 0 9075.33 3759.13 -0.0694568 -0.0621007 0.025723 6.72146e-07
 -1.0423 0.207326 -2.17967e-10 1.5708 2.94524 2 2 3.23535e-05 -0.934665 1.58435e-05 7.96506e-05 -1.78402e-06 63.374 318.603 -35.6804 -0.00163973 5.4522e-05 0.000142887
 -1.02227 0.203342 -0.207326 1.76715 2.94524 2 2 -4.28516e-05 -0.926864 1.31968e-05 8.33431e-05 1.66715e-05 80.9499 279.871 -124.65 -0.00165931 0.000101747 0.00828144
 -0.962956 0.191544 -0.406684 1.9635 2.94524 2 2 -4.59897e-05 -0.889421 8.51178e-06 0.000100553 2.72048e-05 115.409 289.695 -136.826 -0.00203198 -0.000213306 0.0047109
 -0.866637 0.172385 -0.590413 2.15984 2.94524 2 2 -6.38926e-05 -0.848487 1.32589e-05 0.000147733 2.36722e-05 217.997 341.992 -220.135 -0.00292438 -6.74556e-05 0.00427285
 -0.737014 0.146601 -0.751453 2.35619 2.94524 2 2 -0.000470654 -0.813642 0.000124759 0.000200142 -8.33161e-05 571.154 85.2027 -543.558 -0.00369162 0.00336677 0.00427752
 -0.579069 0.115184 -0.883616 2.55254 2.94524 2 2 0.000659533 -1.16211 0.000384989 0.000727029 -0.000157527 2044.33 615.439 -1259.51 -0.0138043 0.00879949 0.0101935
 -0.398869 0.07934 -0.981821 2.74889 2.94524 2 2 0.00180293 -1.56834 0.00047546 0.00204681 -2.77571e-05 4801.03 3195.67 -1692.2 -0.0395648 0.0093546 0.0168293
 -0.203342 0.0404472 -1.0423 2.94524 2.94524 2 2 0.00108488 -1.35517 0.000651705 0.00367898 1.56246e-05 8549.68 6088.07 -1431.71 -0.0711825 0.0125641 0.0143746
 -1.04225e-05 2.07317e-06 -1.06272 3.14158 2.94524 2 2 -5.67987e-06 -1.35517 0.000728746 0.00366365 0 8784.8 5869.81 -0.0747055 -0.0709077 0.0141044 7.22939e-07
 -1.06272 -4.35933e-10 -2.17967e-10 1.5708 3.14159 2 2 -3.80506e-06 -0.825043 -3.53846e-14 8.64497e-05 -3.78766e-07 -1.40295e-07 345.799 -7.57531 -0.00171211 -0.000281954 0.000138413
 -1.0423 -4.27557e-10 -0.207326 1.76715 3.14159 2 2 -3.42932e-06 -0.817265 -3.94765e-06 8.8526e-05 1.98462e-05 21.8533 312.697 -109.864 -0.00173964 -0.000271967 0.00874578
 -0.981821 -4.0275e-10 -0.406684 1.9635 3.14159 2 2 9.17319e-06 -0.771183 -1.66174e-05 0.000103036 4.0118e-05 36.6173 351.1 -88.4019 -0.00200598 -0.000894826 0.00484287
 -0.883616 -3.62465e-10 -0.590413 2.15984 3.14159 2 2 2.34772e-05 -0.701685 -3.26226e-05 0.00013902 4.88231e-05 86.3182 431.684 -129.184 -0.00269437 -0.00131285 0.0040324
 -0.751453 -3.08251e-10 -0.751453 2.35619 3.14159 2 2 -3.146e-05 -0.614891 -5.08586e-05 0.000204032 5.08586e-05 190.688 574.922 -190.688 -0.00394864 -0.00157513 0.00394864
 -0.590413 -2.42192e-10 -0.883616 2.55254 3.14159 2 2 -9.45847e-05 -0.510242 -5.56702e-05 0.000870307 3.71976e-05 1386.66 1899.45 -926.533 -0.0168574 -0.00140313 0.0112638
 -0.406684 -1.66824e-10 -0.981821 2.74889 3.14159 2 2 6.32342e-05 -0.43668 -5.15623e-05 0.00222732 2.13578e-05 4077.84 4587.16 -1689.1 -0.0431799 -0.00112293 0.0178857
 -0.207326 -8.50464e-11 -1.0423 2.94524 3.14159 2 2 -2.53273e-05 -0.361691 -2.76319e-05 0.00383194 5.49632e-06 7490.48 7728.02 -1489.95 -0.074255 -0.000551171 0.0147702
 -1.06267e-05 -4.35915e-15 -1.06272 3.14158 3.14159 2 2 -5.72932e-06 -0.361691 -1.57189e-12 0.00383194 0 7663.87 7663.87 -0.0766356 -0.0741647 -2.62247e-11 7.41617e-07
 -1.0423 -0.207326 -2.17967e-10 1.5708 3.33794 2 2 -3.04933e-05 -0.704562 -1.91665e-05 9.63565e-05 9.63894e-07 -76.666 385.426 19.2779 -0.00186696 -0.000701026 5.67927e-05
 -1.02227 -0.203342 -0.207326 1.76715 3.33794 2 2 2.98429e-05 -0.695763 -2.46833e-05 9.83504e-05 2.52463e-05 -51.3942 363.28 -102.888 -0.00187255 -0.000730802 0.00994982
 -0.962956 -0.191544 -0.406684 1.9635 3.33794 2 2 1.75523e-05 -0.636047 -4.52134e-05 0.000113116 5.3781e-05 -54.4624 426.853 -72.0859 -0.00205188 -0.00163115 0.00562674
 -0.866637 -0.172385 -0.590413 2.15984 3.33794 2 2 4.79962e-05 -0.540819 -7.39009e-05 0.000150681 6.44804e-05 -18.2063 531.719 -128.523 -0.00274173 -0.00230935 0.00469871
 -0.737014 -0.146601 -0.751453 2.35619 3.33794 2 2 0.000491507 -0.429633 -0.000212808 0.000163371 0.000176847 -304.893 917.076 120.121 -0.00276709 -0.00613796 0.00391138
 -0.579069 -0.115184 -0.883616 2.55254 3.33794 2 2 -0.000585063 0.124868 -0.000499845 0.000703494 0.000235864 94.6306 2545.07 -393.779 -0.0132154 -0.0116929 0.0101848
 -0.398869 -0.07934 -0.981821 2.74889 3.33794 2 2 -0.00161564 0.700376 -0.000590058 0.00205943 7.32933e-05 2661.34 5298.7 -1509.36 -0.0397578 -0.0118287 0.0171077
 -0.203342 -0.0404472 -1.0423 2.94524 3.33794 2 2 -0.00110428 0.634649 -0.0007089 0.00368802 -4.81754e-06 5844.37 8777.6 -1480.8 -0.0713515 -0.0137009 0.0144517
 -1.04225e-05 -2.07317e-06 -1.06272 3.14158 3.33794 2 2 -5.77948e-06 0.634649 -0.000732654 0.0036833 0 5901.29 8831.9 -0.0751061 -0.0712879 -0.0141801 7.26816e-07
 -0.981821 -0.406684 -2.17967e-10 1.5708 3.53429 2 2 -2.00497e-05 -0.563546 -4.33308e-05 0.00010461 7.51759e-07 -173.323 418.439 15.0352 -0.00196066 -0.00127253 5.32433e-05
 -0.962956 -0.398869 -0.207326 1.76715 3.53429 2 2 4.46964e-05 -0.552878 -5.10406e-05 0.000106584 3.20104e-05 -148.943 409.798 -96.6132 -0.00196384 -0.00129252 0.011608
 -0.907084 -0.375727 -0.406684 1.9635 3.53429 2 2 3.36645e-05 -0.476675 -8.19563e-05 0.000118899 7.295e-05 -187.635 500.714 -44.0895 -0.00191725 -0.00255719 0.00663886
 -0.816354 -0.338145 -0.590413 2.15984 3.53429 2 2 -1.49017e-05 -0.342709 -0.000122861 0.000164894 7.54392e-05 -138.34 629.458 -169.226 -0.0027966 -0.00334907 0.00578491
 -0.694252 -0.287569 -0.751453 2.35619 3.53429 2 2 0.000855831 -0.23518 -0.00032364 8.923e-05 0.000264857 -777.264 1019.96 327.777 -0.000553073 -0.00911061 0.00399745
 -0.545471 -0.225941 -0.883616 2.55254 3.53429 2 2 -0.000427436 0.654269 -0.000826366 0.000384343 0.000411852 -1287.73 2609.22 127.755 -0.00606154 -0.0193063 0.00867853
 -0.375727 -0.155631 -0.981821 2.74889 3.53429 2 2 -0.0026051 1.73798 -0.00103403 0.00164907 0.000134306 961.107 5343.16 -1214.76 -0.0316653 -0.0207545 0.0154076
 -0.191544 -0.07934 -1.0423 2.94524 3.53429 2 2 -0.00210161 1.58841 -0.00129418 0.00326845 -1.09624e-05 3848.08 9088.35 -1398.98 -0.063316 -0.0250363 0.0135414
 -9.81781e-06 -4.06667e-06 -1.06272 3.14158 3.53429 2 2 -5.82701e-06 1.58841 -0.0013451 0.00324736 0 3804.51 9184.91 -0.0702954 -0.0628505 -0.0260335 6.80261e-07
 -0.883616 -0.590413 -2.17967e-10 1.5708 3.73064 2 2 -3.0914e-06 -0.403181 -6.86161e-05 0.000102691 2.02384e-06 -274.464 410.765 40.4768 -0.00177337 -0.00182716 0.00012134
 -0.866637 -0.579069 -0.207326 1.76715 3.73064 2 2 3.46656e-05 -0.387708 -7.85077e-05 0.000102404 4.21493e-05 -270.909 420 -40.6587 -0.00176647 -0.00188094 0.0126375
 -0.816354 -0.545471 -0.406684 1.9635 3.73064 2 2 -1.19576e-05 -0.288794 -0.000117699 0.000101595 9.99982e-05 -369.481 515.647 50.0565 -0.00118379 -0.00346533 0.00702421
 -0.7347 -0.490911 -0.590413 2.15984 3.73064 2 2 -0.000245282 -0.099613 -0.000167626 0.000157915 7.72896e-05 -266.384 654.927 -213.068 -0.00246374 -0.00414584 0.00651298
 -0.624811 -0.417485 -0.751453 2.35619 3.73064 2 2 0.00142508 -0.0413751 -0.000405987 2.55644e-05 0.000323363 -1174.39 1023.28 407.967 0.00159218 -0.0109823 0.00477758
 -0.490911 -0.328016 -0.883616 2.55254 3.73064 2 2 -0.000212036 1.11759 -0.00103979 3.98867e-05 0.000562871 -2519.39 2343.16 529.87 0.00195483 -0.0242077 0.00790034
 -0.338145 -0.225941 -0.981821 2.74889 3.73064 2 2 -0.00309192 2.6553 -0.0013385 0.00116461 0.000192981 -610.14 4961.28 -931.578 -0.0218861 -0.0267861 0.0137019
 -0.172385 -0.115184 -1.0423 2.94524 3.73064 2 2 -0.0030099 2.45984 -0.00168286 0.00264822 -1.43261e-05 1850.15 8611.69 -1257.67 -0.0512795 -0.0325377 0.0120768
 -8.83579e-06 -5.90389e-06 -1.06272 3.14158 3.73064 2 2 -5.87008e-06 2.45984 -0.00174274 0.0026082 0 1730.91 8701.89 -0.0627346 -0.0504801 -0.0337297 6.07094e-07
 -0.751453 -0.751453 -2.17967e-10 1.5708 3.92699 2 2 3.47219e-06 -0.234812 -9.06359e-05 9.06359e-05 3.17464e-06 -362.543 362.543 63.4927 -0.00139954 -0.00220637 0.000112613
 -0.737014 -0.737014 -0.207326 1.76715 3.92699 2 2 3.3095e-05 -0.216737 -9.99625e-05 8.68332e-05 4.6673e-05 -369.159 372.221 -10.8855 -0.00136501 -0.00227258 0.0129311
 -0.694252 -0.694252 -0.406684 1.9635 3.92699 2 2 8.30846e-05 -0.108149 -0.000143347 6.79701e-05 0.000128676 -558.692 456.663 174.175 -2.02232e-05 -0.00407354 0.00698849
 -0.624811 -0.624811 -0.590413 2.15984 3.92699 2 2 -0.000460782 0.15398 -0.000199179 9.95562e-05 0.000105427 -477.53 575.796 -103.991 -0.000888016 -0.00489365 0.0061185
 -0.531358 -0.531358 -0.751453 2.35619 3.92699 2 2 0.00135707 0.229343 -0.000457726 -6.95977e-05 0.000372874 -1554.75 867.313 486.093 0.00440582 -0.0119459 0.00533167
 -0.417485 -0.417485 -0.883616 2.55254 3.92699 2 2 -0.000128466 1.55756 -0.00112112 -0.000315724 0.000678871 -3497.48 1734.81 832.815 0.0102948 -0.0258783 0.00736279
 -0.287569 -0.287569 -0.981821 2.74889 3.92699 2 2 -0.0036559 3.48177 -0.00149829 0.00068357 0.000238627 -1884.18 4291.62 -705.125 -0.0122367 -0.0299224 0.0123481
 -0.146601 -0.146601 -1.0423 2.94524 3.92699 2 2 -0.00352807 3.21729 -0.00180496 0.00194278 -1.93847e-05 218.889 7439.64 -1077.19 -0.037595 -0.0348522 0.0101899
 -7.51423e-06 -7.51423e-06 -1.06272 3.14158 3.92699 2 2 -5.90703e-06 3.21729 -0.00187387 0.00187387 0 -4.00264e-06 7495.49 -0.0529989 -0.0362676 -0.0362676 5.1288e-07
 -0.590413 -0.883616 -2.17967e-10 1.5708 4.12334 2 2 -1.41332e-05 -0.0620085 -0.000109956 7.34702e-05 4.28012e-06 -439.824 293.881 85.6023 -0.000964425 -0.00252076 9.58348e-05
 -0.579069 -0.866637 -0.207326 1.76715 4.12334 2 2 6.44495e-05 -0.0428943 -0.00011865 6.68798e-05 5.18306e-05 -461.548 302.832 23.2615 -0.000885236 -0.0025966 0.0133265
 -0.545471 -0.816354 -0.406684 1.9635 4.12334 2 2 7.58243e-05 0.0786517 -0.000160134 3.59686e-05 0.000142581 -689.805 349.101 224.445 0.000989356 -0.00423917 0.00718248
 -0.490911 -0.7347 -0.590413 2.15984 4.12334 2 2 -0.000417129 0.367882 -0.000205262 3.76129e-05 0.000123864 -624.437 425.936 -10.8262 0.000703945 -0.00493742 0.00555873
 -0.417485 -0.624811 -0.751453 2.35619 4.12334 2 2 0.00154084 0.475166 -0.000452484 -0.000206273 0.000422896 -1879.33 500.588 627.874 0.00807799 -0.0114895 0.00506528
 -0.328016 -0.490911 -0.883616 2.55254 4.12334 2 2 0.000122635 1.95975 -0.00110295 -0.000672515 0.000783067 -4265.69 884.514 1092.1 0.018695 -0.0251423 0.00702838
 -0.225941 -0.338145 -0.981821 2.74889 4.12334 2 2 -0.00494403 4.22679 -0.00144117 0.000179733 0.000269748 -2756.23 3148.47 -450.074 -0.00218242 -0.0287092 0.0103898
 -0.115184 -0.172385 -1.0423 2.94524 4.12334 2 2 -0.0037872 3.83594 -0.0016594 0.00128199 -2.86472e-05 -786.871 5830.03 -877.269 -0.0248812 -0.0320722 0.00805403
 -5.90389e-06 -8.83579e-06 -1.06272 3.14158 4.12334 2 2 -5.93173e-06 3.83594 -0.00173942 0.00116224 0 -1154.35 5803.31 -0.0418378 -0.0224944 -0.0336653 4.04872e-07
 -0.406684 -0.981821 -2.17967e-10 1.5708 4.31969 2 2 -1.77926e-05 0.117179 -0.00012571 5.20708e-05 5.0955e-06 -502.84 208.283 101.91 -0.00045685 -0.00275727 1.16287e-05
 -0.398869 -0.962956 -0.207326 1.76715 4.31969 2 2 6.62164e-05 0.137803 -0.000132913 4.30566e-05 5.57262e-05 -534.604 211.333 46.9429 -0.000343496 -0.00280673 0.0136971
 -0.375727 -0.907084 -0.406684 1.9635 4.31969 2 2 6.67321e-05 0.268411 -0.000165743 1.59158e-07 0.000152772 -779.567 202.748 268.009 0.00200449 -0.00405795 0.0071991
 -0.338145 -0.816354 -0.590413 2.15984 4.31969 2 2 -0.000414923 0.577938 -0.000209225 -1.57576e-05 0.000141617 -749.406 274.199 50.0737 0.00212684 -0.00481345 0.00543738
 -0.287569 -0.694252 -0.751453 2.35619 4.31969 2 2 0.00156628 0.721753 -0.000404827 -0.000345083 0.000473736 -2107.61 26.3301 782.222 0.0117657 -0.00994914 0.00468927
 -0.225941 -0.545471 -0.883616 2.55254 4.31969 2 2 -0.000125231 2.36118 -0.000956405 -0.000984151 0.000852086 -4638.63 -161.976 1286.09 0.0259063 -0.0213497 0.00655523
 -0.155631 -0.375727 -0.981821 2.74889 4.31969 2 2 -0.0054284 4.80404 -0.00113938 -0.000257818 0.000279269 -2991.35 1663.58 -162.455 0.00648478 -0.0226999 0.00765895
 -0.07934 -0.191544 -1.0423 2.94524 4.31969 2 2 -0.00363663 4.3036 -0.00131394 0.000743849 -3.66802e-05 -1151.22 4073.9 -661.034 -0.0145037 -0.0254082 0.00577332
 -4.06667e-06 -9.81781e-06 -1.06272 3.14158 4.31969 2 2 -5.94795e-06 4.3036 -0.00138451 0.000573482 0 -1622.05 3915.98 -0.0299704 -0.0110994 -0.0267963 2.90029e-07
 -0.207326 -1.0423 -2.17967e-10 1.5708 4.51604 2 2 -1.41887e-05 0.300162 -0.00013569 2.69903e-05 4.51886e-06 -542.758 107.961 90.3772 0.000110041 -0.0028422 -3.61461e-05
 -0.203342 -1.02227 -0.207326 1.76715 4.51604 2 2 7.81126e-05 0.320685 -0.000140728 1.63948e-05 5.7185e-05 -575.963 103.678 53.689 0.000223135 -0.00285736 0.0138701
 -0.191544 -0.962956 -0.406684 1.9635 4.51604 2 2 9.48834e-05 0.455353 -0.000165085 -3.48355e-05 0.000160238 -832.29 40.9001 295.156 0.00291312 -0.00365689 0.00728682
 -0.172385 -0.866637 -0.590413 2.15984 4.51604 2 2 -0.000350126 0.78233 -0.000221436 -5.7083e-05 0.000148443 -844.146 145.217 33.3118 0.00313244 -0.00469093 0.00597099
 -0.146601 -0.737014 -0.751453 2.35619 4.51604 2 2 0.00203215 0.930547 -0.000367947 -0.000448802 0.000511961 -2259.69 -393.791 827.068 0.0145265 -0.00829273 0.00529941
 -0.115184 -0.579069 -0.883616 2.55254 4.51604 2 2 7.06097e-05 2.70946 -0.000750408 -0.00121009 0.000890842 -4673.83 -1175.33 1379.5 0.0310457 -0.0160434 0.00646694
 -0.07934 -0.398869 -0.981821 2.74889 4.51604 2 2 -0.00497824 5.19851 -0.000786661 -0.000517583 0.00027384 -2770.37 435.747 46.8472 0.0115602 -0.0155262 0.00537344
 -0.0404472 -0.203342 -1.0423 2.94524 4.51604 2 2 -0.00356994 4.61411 -0.000839458 0.000386537 -4.28338e-05 -902.246 2427.05 -438.481 -0.00759799 -0.0162161 0.00345846
 -2.07317e-06 -1.04225e-05 -1.06272 3.14158 4.51604 2 2 -5.95505e-06 4.61411 -0.000881469 0.000175335 0 -1412.27 2113.61 -0.017974 -0.0033935 -0.0170603 1.73938e-07
 6.539e-10 -1.06272 -2.17967e-10 1.5708 4.71239 2 2 -1.9617e-05 0.485419 -0.00013451 -8.36641e-14 4.38268e-06 -538.039 -3.49039e-07 87.6536 0.000720676 -0.0027018 -1.70116e-05
 6.41335e-10 -1.0423 -0.207326 1.76715 4.71239 2 2 7.53529e-05 0.50647 -0.000137304 -1.20526e-05 6.05923e-05 -585.771 -19.2931 96.993 0.000830526 -0.00269841 0.0135658
 6.04125e-10 -0.981821 -0.406684 1.9635 4.71239 2 2 0.000108281 0.649857 -0.000150415 -7.58365e-05 0.000183086 -881.347 -167.774 405.042 0.00408404 -0.00292871 0.00707053
 5.43698e-10 -0.883616 -0.590413 2.15984 4.71239 2 2 -0.000538556 1.03394 -0.000211059 -0.00012238 0.000183155 -965.571 -84.1939 126.005 0.00492532 -0.00409095 0.00612253
 4.62377e-10 -0.751453 -0.751453 2.35619 4.71239 2 2 0.00207146 1.23617 -0.000380463 -0.000548984 0.000548984 -2473.18 -752.092 752.092 0.0170032 -0.00736412 0.00736412
 3.63287e-10 -0.590413 -0.883616 2.55254 4.71239 2 2 -0.000472681 3.10043 -0.000500411 -0.00132791 0.000887281 -4342.37 -2051.98 1371.09 0.033472 -0.0096946 0.00647773
 2.50237e-10 -0.406684 -0.981821 2.74889 4.71239 2 2 -0.0050785 5.48707 -0.000446701 -0.00057961 0.000240082 -2173.1 -364.467 150.967 0.0126234 -0.00866012 0.00358714
 1.2757e-10 -0.207326 -1.0423 2.94524 4.71239 2 2 -0.00339429 4.77028 -0.000290181 0.000264123 -5.25373e-05 -40.2184 1104.4 -219.678 -0.00526854 -0.00562304 0.00111849
 6.53873e-15 -1.06267e-05 -1.06272 3.14158 4.71239 2 2 -5.95278e-06 4.77028 -0.000290181 -1.78551e-13 0 -580.362 580.362 -0.00580338 -2.70326e-13 -0.00561627 5.61604e-08
 0.207326 -1.0423 -2.17967e-10 1.5708 4.90874 2 2 -2.20772e-05 0.658187 -0.000115174 -2.29096e-05 4.18079e-06 -460.697 -91.6383 83.6158 0.00118562 -0.00215771 -2.29504e-05
 0.203342 -1.02227 -0.207326 1.76715 4.90874 2 2 7.10061e-05 0.679124 -0.000115181 -3.53949e-05 6.15548e-05 -523.978 -137.143 162.308 0.00129103 -0.00213209 0.011779
 0.191544 -0.962956 -0.406684 1.9635 4.90874 2 2 0.000121117 0.825237 -0.000108609 -0.000105205 0.000197954 -813.276 -384.714 527.892 0.00481101 -0.00156454 0.0059705
 0.172385 -0.866637 -0.590413 2.15984 4.90874 2 2 -0.000399686 1.24943 -0.000135357 -0.000201728 0.000256586 -1016.77 -488.081 419.559 0.00740587 -0.00192299 0.00498498
 0.146601 -0.737014 -0.751453 2.35619 4.90874 2 2 0.00120617 1.64662 -0.000260315 -0.000647687 0.000584457 -2372.18 -1325 836.749 0.0192079 -0.00372495 0.00740065
 0.115184 -0.579069 -0.883616 2.55254 4.90874 2 2 -0.000883386 3.44945 -0.000134986 -0.00130306 0.000836351 -3439.61 -2806.68 1390.96 0.0323794 -0.00119043 0.00500097
 0.07934 -0.398869 -0.981821 2.74889 4.90874 2 2 -0.00568859 5.65351 -2.37542e-05 -0.000470229 0.000189113 -1069.5 -959.156 303.236 0.0101653 -0.000247057 0.000921814
 0.0404472 -0.203342 -1.0423 2.94524 4.90874 2 2 -0.00378754 4.76479 0.000294338 0.00039244 -6.51392e-05 1386.1 216.072 11.6354 -0.00777443 0.00565785 -0.00140549
 2.07317e-06 -1.04225e-05 -1.06272 3.14158 4.90874 2 2 -5.94838e-06 4.76479 0.000358225 7.12554e-05 0 858.961 -573.94 0.00730457 -0.0013791 0.00693322 -7.06876e-08
 0.406684 -0.981821 -2.17967e-10 1.5708 5.10509 2 2 5.13405e-05 0.797984 -8.31139e-05 -3.44269e-05 3.91536e-06 -332.455 -137.708 78.3072 0.00135612 -0.00135353 -6.0092e-05
 0.398869 -0.962956 -0.207326 1.76715 5.10509 2 2 6.60934e-05 0.819406 -7.83573e-05 -4.54906e-05 6.05384e-05 -400.149 -219.784 250.982 0.00144119 -0.00130535 0.00883558
 0.375727 -0.907084 -0.406684 1.9635 5.10509 2 2 0.000134769 0.962275 -4.93564e-05 -0.000113106 0.000206677 -645.756 -564.188 661.787 0.00492261 0.000164236 0.00418158
 0.338145 -0.816354 -0.590413 2.15984 5.10509 2 2 -0.000385661 1.41484 -1.41232e-05 -0.000230022 0.000309959 -828.032 -861.517 716.969 0.00844116 0.00137743 0.00292992
 0.287569 -0.694252 -0.751453 2.35619 5.10509 2 2 0.000592123 1.95451 3.46147e-05 -0.00063474 0.00059967 -1673.28 -1924.04 1137.24 0.0187296 0.00333324 0.00408801
 0.225941 -0.545471 -0.883616 2.55254 5.10509 2 2 -0.00157017 3.67213 0.000325175 -0.00109936 0.0007618 -1987.06 -3310.61 1535.6 0.0274095 0.0088333 0.0015557
 0.155631 -0.375727 -0.981821 2.74889 5.10509 2 2 -0.00595707 5.60425 0.000468264 -0.000147361 0.000130618 577.979 -1234.62 564.085 0.00355194 0.00936399 -0.00302042
 0.07934 -0.191544 -1.0423 2.94524 5.10509 2 2 -0.00400545 4.58062 0.00086526 0.000766665 -7.50268e-05 3266.89 -152.355 276.676 -0.0150465 0.0166761 -0.00420994
 4.06667e-06 -9.81781e-06 -1.06272 3.14158 5.10509 2 2 -5.93485e-06 4.58062 0.0010096 0.000418191 0 2855.59 -1182.82 0.0218548 -0.00809382 0.0195402 -2.11493e-07
 0.590413 -0.883616 -2.17967e-10 1.5708 5.30144 2 2 -9.06131e-06 0.897638 -4.09649e-05 -2.73719e-05 2.97684e-06 -163.859 -109.487 59.5369 0.00106364 -0.00038435 -7.8431e-05
 0.579069 -0.866637 -0.207326 1.76715 5.30144 2 2 8.14908e-05 0.913555 -3.21478e-05 -3.43656e-05 5.38611e-05 -220.177 -227.045 334.103 0.00111294 -0.00033265 0.00449898
 0.545471 -0.816354 -0.406684 1.9635 5.30144 2 2 5.8557e-05 1.04381 2.23764e-05 -8.18058e-05 0.000194225 -352.525 -616.757 765.215 0.00388457 0.00197035 0.00125507
 0.490911 -0.7347 -0.590413 2.15984 5.30144 2 2 -0.000400394 1.47312 0.000129384 -0.000164531 0.000312318 -356.129 -1005.04 954.542 0.00680647 0.0049237 -0.000467595
 0.417485 -0.624811 -0.751453 2.35619 5.30144 2 2 0.000266807 2.0436 0.000354218 -0.000451601 0.000572285 -580.852 -2147.78 1463.11 0.014271 0.0105512 -0.000844459
 0.328016 -0.490911 -0.883616 2.55254 5.30144 2 2 -0.00182577 3.62732 0.000782318 -0.000689541 0.000673501 -163.61 -3332.33 1790.61 0.0182317 0.0184046 -0.00345703
 0.225941 -0.338145 -0.981821 2.74889 5.30144 2 2 -0.00570177 5.27029 0.000899635 0.000363157 8.19547e-05 2443.77 -1007.6 909.395 -0.00662503 0.0176449 -0.00760161
 0.115184 -0.172385 -1.0423 2.94524 5.30144 2 2 -0.00415438 4.19734 0.00132965 0.00136394 -7.86425e-05 5370.08 134.413 571.216 -0.0265856 0.0256103 -0.00717364
 5.90389e-06 -8.83579e-06 -1.06272 3.14158 5.30144 2 2 -5.91273e-06 4.19734 0.0015493 0.00103521 0 5169.02 -1028.18 0.0372651 -0.0200358 0.0299857 -3.60621e-07
 0.751453 -0.751453 -2.17967e-10 1.5708 5.49779 2 2 -5.91708e-06 0.92912 3.41768e-06 3.41768e-06 2.34422e-06 13.6707 13.6707 46.8844 0.000182593 0.000447914 -6.62288e-05
 0.737014 -0.737014 -0.207326 1.76715 5.49779 2 2 5.49438e-05 0.939028 1.243e-05 2.15089e-06 3.65407e-05 -16.3054 -117.936 361.283 0.000213314 0.000497265 -0.00100941
 0.694252 -0.694252 -0.406684 1.9635 5.49779 2 2 8.06098e-05 1.02829 7.67265e-05 -1.27433e-05 0.000152735 -22.3717 -473.128 769.489 0.00178606 0.00302554 -0.00211591
 0.624811 -0.624811 -0.590413 2.15984 5.49779 2 2 -0.00033783 1.37906 0.000227772 -2.13998e-05 0.000263689 190.548 -816.842 1066.08 0.00301255 0.00700685 -0.00422701
 0.531358 -0.531358 -0.751453 2.35619 5.49779 2 2 0.000407972 1.87241 0.000543522 -0.000169434 0.000504136 441.412 -1874.56 1637.64 0.00742145 0.0146889 -0.00513889
 0.417485 -0.417485 -0.883616 2.55254 5.49779 2 2 -0.00150366 3.27673 0.00104508 -0.000176171 0.000577008 1442.9 -2748.88 1980.51 0.0069679 0.0237787 -0.00794268
 0.287569 -0.287569 -0.981821 2.74889 5.49779 2 2 -0.00494412 4.63681 0.00114165 0.000976559 4.83543e-05 4106.95 -215.853 1266.12 -0.0186728 0.0222564 -0.0119879
 0.146601 -0.146601 -1.0423 2.94524 5.49779 2 2 -0.00389721 3.61305 0.00158825 0.00212174 -7.50372e-05 7374.54 1144.94 876.207 -0.0411656 0.0305503 -0.010087
 7.51423e-06 -7.51423e-06 -1.06272 3.14158 5.49779 2 2 -5.88285e-06 3.61305 0.00185499 0.00185499 0 7419.97 5.48418e-06 0.052465 -0.0359022 0.0359022 -5.07713e-07
 0.883616 -0.590413 -2.17967e-10 1.5708 5.69414 2 2 -2.48969e-05 0.884773 3.39496e-05 5.08091e-05 1.64988e-06 135.798 203.237 32.9975 -0.000989843 0.000902068 -8.39855e-05
 0.866637 -0.579069 -0.207326 1.76715 5.69414 2 2 6.16487e-05 0.886639 4.10678e-05 5.51589e-05 1.76056e-05 135.849 66.8124 381.252 -0.000979483 0.000947642 -0.00674112
 0.816354 -0.545471 -0.406684 1.9635 5.69414 2 2 -7.13889e-06 0.932552 9.47194e-05 7.35613e-05 9.14694e-05 226.196 -168.451 679.991 -0.000706526 0.00291902 -0.00533343
 0.7347 -0.490911 -0.590413 2.15984 5.69414 2 2 -0.000115695 1.15016 0.000241021 0.000130336 0.000191551 559.867 -415.844 1042.45 -0.00104575 0.00689246 -0.00703219
 0.624811 -0.417485 -0.751453 2.35619 5.69414 2 2 0.000379475 1.54575 0.000573429 0.000108137 0.000416711 1119.73 -1287.83 1646.5 0.000596545 0.0151266 -0.00790788
 0.490911 -0.328016 -0.883616 2.55254 5.69414 2 2 -0.0013747 2.71875 0.00105443 0.000341668 0.000458973 2530 -1646.97 2016.98 -0.00438884 0.0237387 -0.0112506
 0.338145 -0.225941 -0.981821 2.74889 5.69414 2 2 -0.00426032 3.74465 0.00114051 0.0016342 1.6729e-05 5356.33 1127.08 1585.38 -0.0315229 0.0221172 -0.0159464
 0.172385 -0.115184 -1.0423 2.94524 5.69414 2 2 -0.00334831 2.83511 0.00156124 0.00293982 -6.66656e-05 8925.06 2835.55 1162.76 -0.0570049 0.030059 -0.0127498
 8.83579e-06 -5.90389e-06 -1.06272 3.14158 5.69414 2 2 -5.84246e-06 2.83511 0.00183991 0.00275362 0 9187.06 1827.42 0.0662323 -0.0532946 0.0356103 -6.40942e-07
 0.981821 -0.406684 -2.17967e-10 1.5708 5.89049 2 2 -4.03579e-05 0.76647 4.37683e-05 0.000105666 6.68279e-07 175.073 422.664 13.3656 -0.00223646 0.000814738 -9.41603e-05
 0.962956 -0.398869 -0.207326 1.76715 5.89049 2 2 3.48718e-05 0.759738 4.56577e-05 0.000113674 -6.63163e-06 200.904 308.896 338.853 -0.00224717 0.000837829 -0.0120492
 0.907084 -0.375727 -0.406684 1.9635 5.89049 2 2 3.45602e-05 0.748473 7.68111e-05 0.000154204 2.88569e-05 329.188 190.493 558.242 -0.00284478 0.00187749 -0.00807969
 0.816354 -0.338145 -0.590413 2.15984 5.89049 2 2 -2.15033e-05 0.842875 0.000185021 0.000252993 0.00011093 696.752 64.0219 926.72 -0.00431706 0.00500952 -0.00883821
 0.694252 -0.287569 -0.751453 2.35619 5.89049 2 2 0.000308098 1.10358 0.000480932 0.00036448 0.000304842 1477.51 -475.105 1546.86 -0.00570986 0.0125885 -0.0100926
 0.545471 -0.225941 -0.883616 2.55254 5.89049 2 2 -0.00166578 1.99036 0.00087487 0.000884589 0.000313881 3240.36 -95.985 2024.87 -0.0160676 0.0194564 -0.0148938
 0.375727 -0.155631 -0.981821 2.74889 5.89049 2 2 -0.00336742 2.60736 0.000909062 0.00228266 -1.39478e-05 6116.84 2887.68 1883.08 -0.044272 0.0175423 -0.0197228
 0.191544 -0.07934 -1.0423 2.94524 5.89049 2 2 -0.00229646 1.89335 0.00123301 0.00366426 -5.23337e-05 9688.49 4928.13 1405.33 -0.0710251 0.0237419 -0.0148596
 9.81781e-06 -4.06667e-06 -1.06272 3.14158 5.89049 2 2 -5.79703e-06 1.89335 0.00147608 0.00356358 0 10079.3 4174.99 0.0771406 -0.0689708 0.0285686 -7.46504e-07
 1.0423 -0.207326 -2.17967e-10 1.5708 6.08684 2 2 -3.29942e-05 0.580349 3.14506e-05 0.000158113 -2.26699e-07 125.802 632.452 -4.53398 -0.00329235 0.000306161 -0.000115423
 1.02227 -0.203342 -0.207326 1.76715 6.08684 2 2 2.5001e-05 0.566862 2.80038e-05 0.00016724 -2.59471e-05 170.972 534.871 318.427 -0.00331577 0.000306096 -0.0166494
 0.962956 -0.191544 -0.406684 1.9635 6.08684 2 2 -3.17131e-05 0.509932 2.99977e-05 0.000217637 -3.14756e-05 285.027 542.439 419.411 -0.00432256 0.000145866 -0.0103038
 0.866637 -0.172385 -0.590413 2.15984 6.08684 2 2 3.7788e-05 0.476181 7.98296e-05 0.00034179 1.73843e-05 620.302 579.457 741.324 -0.00657038 0.00178017 -0.0101641
 0.737014 -0.146601 -0.751453 2.35619 6.08684 2 2 5.61418e-05 0.565583 0.000262757 0.000587047 0.000143181 1455.61 569.885 1316.46 -0.0110582 0.00672399 -0.0121575
 0.579069 -0.115184 -0.883616 2.55254 6.08684 2 2 -0.00142171 1.01514 0.000496903 0.00141468 0.000141229 3462.44 1831.24 2030.36 -0.0271438 0.0108267 -0.0191997
 0.398869 -0.07934 -0.981821 2.74889 6.08684 2 2 -0.00208252 1.2422 0.000492954 0.00280377 -2.63054e-05 6257.9 4726.2 2160.38 -0.0542681 0.00938713 -0.0228052
 0.203342 -0.0404472 -1.0423 2.94524 6.08684 2 2 -0.00111448 0.832179 0.000671497 0.00415028 -3.00526e-05 9517.42 6998.39 1585.18 -0.0803055 0.0129064 -0.0161677
 1.04225e-05 -2.07317e-06 -1.06272 3.14158 6.08684 2 2 -5.74829e-06 0.832179 0.000819678 0.0041208 0 9880.96 6602.25 0.0840272 -0.0797555 0.0158644 -8.13147e-07
 1.06272 8.71866e-10 -2.17967e-10 1.5708 6.28319 2 2 2.38823e-07 0.337377 -1.61725e-13 0.000196717 -1.63629e-06 -6.5227e-07 786.869 -32.7259 -0.00399724 -0.000602552 -9.14327e-05
 1.0423 8.55114e-10 -0.207326 1.76715 6.28319 2 2 -2.61598e-07 0.317275 -9.39655e-06 0.000204308 -4.72396e-05 47.8712 726.527 240.665 -0.00401543 -0.000647481 -0.0201869
 0.981821 8.055e-10 -0.406684 1.9635 6.28319 2 2 3.29737e-05 0.209176 -3.60521e-05 0.000252964 -8.70374e-05 110.254 828.056 266.177 -0.00492553 -0.00194171 -0.0118913
 0.883616 7.2493e-10 -0.590413 2.15984 6.28319 2 2 -1.80103e-05 0.06652 -5.96394e-05 0.000380961 -8.92567e-05 324.458 1056.26 485.585 -0.00738432 -0.00240042 -0.0110514
 0.751453 6.16503e-10 -0.751453 2.35619 6.28319 2 2 1.85851e-05 -0.0765525 -7.20708e-05 0.00068139 -7.20708e-05 875.312 1618.37 875.312 -0.0131887 -0.0022324 -0.0131887
 0.590413 4.84383e-10 -0.883616 2.55254 6.28319 2 2 8.09594e-05 -0.20477 -6.71799e-05 0.0016365 -4.48882e-05 2689.87 3477.61 1797.31 -0.0317002 -0.00169354 -0.0211814
 0.406684 3.33649e-10 -0.981821 2.74889 6.28319 2 2 0.000192576 -0.291609 -2.90225e-05 0.00299278 -1.20215e-05 5562.89 6075.01 2304.23 -0.058018 -0.000632106 -0.0240318
 0.207326 1.70093e-10 -1.0423 2.94524 6.28319 2 2 0.000102934 -0.288383 1.18838e-06 0.00430562 2.36384e-07 8481.46 8617.32 1687.07 -0.0834309 2.37001e-05 -0.0165954
 1.06267e-05 8.71831e-15 -1.06272 3.14158 6.28319 2 2 -5.69811e-06 -0.288383 -3.53239e-12 0.00430562 0 8611.24 8611.24 0.0861089 -0.0833326 -6.39662e-11 -8.33292e-07
